Page: 17, Bounding Box: [121, 245, 576, 599], Text: [{'text': ' G20 middle-ink', 'confidence': 0.9212052822113037, 'text_region': [[152.0, 250.0], [206.0, 250.0], [206.0, 257.0], [152.0, 257.0]]}, {'text': ' G20 higher-income', 'confidence': 0.9989094138145447, 'text_region': [[227.0, 248.0], [300.0, 248.0], [300.0, 258.0], [227.0, 258.0]]}, {'text': 'orts, 2021, %', 'confidence': 0.9438629746437073, 'text_region': [[414.0, 249.0], [457.0, 249.0], [457.0, 259.0], [414.0, 259.0]]}, {'text': 'di Arabiz', 'confidence': 0.8589993715286255, 'text_region': [[407.0, 334.0], [432.0, 334.0], [432.0, 341.0], [407.0, 341.0]]}, {'text': 'stralia', 'confidence': 0.9396247863769531, 'text_region': [[300.0, 358.0], [319.0, 358.0], [319.0, 366.0], [300.0, 366.0]]}, {'text': 'Labor productivity per', 'confidence': 0.9798310995101929, 'text_region': [[148.0, 400.0], [236.0, 402.0], [235.0, 416.0], [148.0, 414.0]]}, {'text': 'UL', 'confidence': 0.9324600100517273, 'text_region': [[250.0, 395.0], [259.0, 395.0], [259.0, 401.0], [250.0, 401.0]]}, {'text': 'person employed, 2021,', 'confidence': 0.9787746071815491, 'text_region': [[149.0, 412.0], [238.0, 411.0], [239.0, 422.0], [149.0, 423.0]]}, {'text': '$ thousand', 'confidence': 0.9944518208503723, 'text_region': [[149.0, 428.0], [191.0, 431.0], [191.0, 442.0], [149.0, 439.0]]}, {'text': 'purchasing-power parity,', 'confidence': 0.9980345368385315, 'text_region': [[150.0, 420.0], [245.0, 420.0], [245.0, 433.0], [150.0, 433.0]]}, {'text': '50', 'confidence': 0.9292515516281128, 'text_region': [[353.0, 577.0], [360.0, 577.0], [360.0, 584.0], [353.0, 584.0]]}, {'text': 'IOO', 'confidence': 0.6801369786262512, 'text_region': [[444.0, 577.0], [456.0, 577.0], [456.0, 584.0], [444.0, 584.0]]}, {'text': 'Economic complexity score, 2021', 'confidence': 0.9737182259559631, 'text_region': [[349.0, 587.0], [472.0, 587.0], [472.0, 600.0], [349.0, 600.0]]}, {'text': '5D', 'confidence': 0.7166537642478943, 'text_region': [[538.0, 578.0], [547.0, 578.0], [547.0, 584.0], [538.0, 584.0]]}]
Page: 17, Bounding Box: [134, 612, 503, 639], Text: [{'text': "Circles are sized relative to each country's higher or kower predominanoe ot commodifiesinits total mien", 'confidence': 0.9031292796134949, 'text_region': [[153.0, 620.0], [420.0, 620.0], [420.0, 627.0], [153.0, 627.0]]}]
