Page: 9, Bounding Box: [105, 287, 501, 525], Text: [{'text': '2.89%2.69% 0.53%', 'confidence': 0.9634947776794434, 'text_region': [[242.0, 297.0], [327.0, 291.0], [328.0, 306.0], [243.0, 312.0]]}, {'text': '18.35%', 'confidence': 0.999534547328949, 'text_region': [[199.0, 332.0], [231.0, 332.0], [231.0, 343.0], [199.0, 343.0]]}, {'text': '52.14%', 'confidence': 0.9996508955955505, 'text_region': [[374.0, 386.0], [408.0, 386.0], [408.0, 400.0], [374.0, 400.0]]}, {'text': '23.41%', 'confidence': 0.9845024943351746, 'text_region': [[203.0, 435.0], [238.0, 435.0], [238.0, 449.0], [203.0, 449.0]]}, {'text': '北美洲欧洲亚洲大洋洲南美洲非洲', 'confidence': 0.9862514734268188, 'text_region': [[207.0, 485.0], [419.0, 485.0], [419.0, 498.0], [207.0, 498.0]]}, {'text': '来源：Gartner，2023年4月', 'confidence': 0.9874750971794128, 'text_region': [[370.0, 514.0], [499.0, 513.0], [499.0, 527.0], [370.0, 528.0]]}]
Page: 9, Bounding Box: [181, 537, 399, 550], Text: [{'text': '图22022年全球各区域云计算市场规模占比', 'confidence': 0.9988665580749512, 'text_region': [[179.0, 535.0], [412.0, 535.0], [412.0, 552.0], [179.0, 552.0]]}]
