Page: 20, Bounding Box: [127, 499, 472, 663], Text: [{'text': '19%', 'confidence': 0.8243687152862549, 'text_region': [[439.0, 592.0], [451.0, 592.0], [451.0, 606.0], [439.0, 606.0]]}, {'text': '1%', 'confidence': 0.8678770065307617, 'text_region': [[439.0, 604.0], [451.0, 604.0], [451.0, 618.0], [439.0, 618.0]]}, {'text': '%', 'confidence': 0.9959983825683594, 'text_region': [[440.0, 617.0], [448.0, 617.0], [448.0, 627.0], [440.0, 627.0]]}, {'text': 'ESG报合数量', 'confidence': 0.9098142981529236, 'text_region': [[266.0, 651.0], [304.0, 651.0], [304.0, 661.0], [266.0, 661.0]]}, {'text': 'ESG提合占比', 'confidence': 0.8299717307090759, 'text_region': [[321.0, 651.0], [361.0, 651.0], [361.0, 661.0], [321.0, 661.0]]}]
Page: 20, Bounding Box: [155, 291, 457, 465], Text: [{'text': '#业图2.2', 'confidence': 0.6341221332550049, 'text_region': [[371.0, 330.0], [405.0, 330.0], [405.0, 337.0], [371.0, 337.0]]}, {'text': '0468 1.0', 'confidence': 0.7914609909057617, 'text_region': [[368.0, 340.0], [402.0, 342.0], [401.0, 353.0], [367.0, 351.0]]}, {'text': '0.cm', 'confidence': 0.75156170129776, 'text_region': [[369.0, 394.0], [399.0, 394.0], [399.0, 404.0], [369.0, 404.0]]}, {'text': '作享健患 0.00', 'confidence': 0.5156753063201904, 'text_region': [[378.0, 413.0], [409.0, 413.0], [409.0, 420.0], [378.0, 420.0]]}, {'text': '来源：中国信息通信研究院整理', 'confidence': 0.9988785982131958, 'text_region': [[359.0, 452.0], [506.0, 452.0], [506.0, 466.0], [359.0, 466.0]]}]
Page: 20, Bounding Box: [196, 475, 415, 487], Text: [{'text': '图3互联网企业可持续发展/社会责任/ESG报告类别', 'confidence': 0.9965740442276001, 'text_region': [[169.0, 474.0], [447.0, 473.0], [447.0, 490.0], [169.0, 491.0]]}]
