Page: 12, Bounding Box: [90, 332, 503, 579], Text: [{'text': '量子计算TOP1', 'confidence': 0.9645858407020569, 'text_region': [[128.0, 341.0], [176.0, 341.0], [176.0, 352.0], [128.0, 352.0]]}, {'text': '6000', 'confidence': 0.8199605345726013, 'text_region': [[104.0, 352.0], [117.0, 352.0], [117.0, 361.0], [104.0, 361.0]]}, {'text': '000', 'confidence': 0.9903440475463867, 'text_region': [[104.0, 363.0], [117.0, 363.0], [117.0, 372.0], [104.0, 372.0]]}, {'text': '4000', 'confidence': 0.856228232383728, 'text_region': [[104.0, 374.0], [117.0, 374.0], [117.0, 383.0], [104.0, 383.0]]}, {'text': '2000', 'confidence': 0.8790545463562012, 'text_region': [[104.0, 397.0], [117.0, 397.0], [117.0, 406.0], [104.0, 406.0]]}, {'text': '2000', 'confidence': 0.98049396276474, 'text_region': [[102.0, 481.0], [115.0, 481.0], [115.0, 488.0], [102.0, 488.0]]}, {'text': '00', 'confidence': 0.9034243822097778, 'text_region': [[303.0, 476.0], [311.0, 476.0], [311.0, 485.0], [303.0, 485.0]]}, {'text': '1500', 'confidence': 0.8888272643089294, 'text_region': [[103.0, 496.0], [115.0, 496.0], [115.0, 503.0], [103.0, 503.0]]}, {'text': '250', 'confidence': 0.9362502694129944, 'text_region': [[302.0, 488.0], [311.0, 488.0], [311.0, 495.0], [302.0, 495.0]]}, {'text': '来源：中国信息通信研究院（截至2023年9月）', 'confidence': 0.9893295168876648, 'text_region': [[279.0, 579.0], [502.0, 578.0], [502.0, 593.0], [279.0, 594.0]]}]
Page: 12, Bounding Box: [169, 603, 501, 616], Text: [{'text': '图2量子信息领域科研论文数量前十位国家情况', 'confidence': 0.9846383333206177, 'text_region': [[169.0, 604.0], [426.0, 604.0], [426.0, 617.0], [169.0, 617.0]]}]
