Page: 58, Bounding Box: [90, 186, 505, 317], Text: [{'text': 'a} M=2', 'confidence': 0.8871014714241028, 'text_region': [[200.0, 196.0], [220.0, 196.0], [220.0, 203.0], [200.0, 203.0]]}, {'text': '（a）压缩态量子增强吸农光谐测量', 'confidence': 0.7903187274932861, 'text_region': [[111.0, 301.0], [221.0, 302.0], [221.0, 314.0], [111.0, 312.0]]}, {'text': '（b）双光束纠瞳量子磁梯度仪', 'confidence': 0.9294947981834412, 'text_region': [[250.0, 301.0], [347.0, 301.0], [347.0, 314.0], [250.0, 314.0]]}, {'text': '（c）微波量子雷达实现量子优势', 'confidence': 0.9326774477958679, 'text_region': [[380.0, 301.0], [481.0, 300.0], [481.0, 313.0], [380.0, 315.0]]}]
Page: 58, Bounding Box: [106, 324, 504, 355], Text: [{'text': '来源:(a) PRL 130,133602;(b) Sci.Adv.9,eadg1760; (c) Nat. Phys. 19, 14181422', 'confidence': 0.934753954410553, 'text_region': [[107.0, 323.0], [505.0, 323.0], [505.0, 337.0], [107.0, 337.0]]}, {'text': '图16量子测量实验体现量子优势的代表性成果', 'confidence': 0.9994139075279236, 'text_region': [[173.0, 343.0], [424.0, 343.0], [424.0, 356.0], [173.0, 356.0]]}]
