Page: 27, Bounding Box: [130, 379, 497, 618], Text: [{'text': '80%', 'confidence': 0.9968101382255554, 'text_region': [[150.0, 408.0], [166.0, 408.0], [166.0, 421.0], [150.0, 421.0]]}, {'text': '90%', 'confidence': 0.9940888285636902, 'text_region': [[152.0, 399.0], [164.0, 399.0], [164.0, 408.0], [152.0, 408.0]]}, {'text': '60%', 'confidence': 0.9412510395050049, 'text_region': [[152.0, 432.0], [166.0, 432.0], [166.0, 444.0], [152.0, 444.0]]}, {'text': '50%', 'confidence': 0.9865683913230896, 'text_region': [[151.0, 444.0], [166.0, 444.0], [166.0, 456.0], [151.0, 456.0]]}, {'text': '48%', 'confidence': 0.8241860866546631, 'text_region': [[152.0, 454.0], [166.0, 457.0], [164.0, 469.0], [149.0, 466.0]]}, {'text': '30%', 'confidence': 0.9839915633201599, 'text_region': [[150.0, 467.0], [166.0, 467.0], [166.0, 479.0], [150.0, 479.0]]}, {'text': '0%', 'confidence': 0.8234370946884155, 'text_region': [[153.0, 479.0], [163.0, 482.0], [161.0, 490.0], [151.0, 487.0]]}, {'text': '2021202', 'confidence': 0.9678632020950317, 'text_region': [[292.0, 590.0], [328.0, 590.0], [328.0, 597.0], [292.0, 597.0]]}, {'text': '来源：中国信息通信研究院整理', 'confidence': 0.995800793170929, 'text_region': [[359.0, 608.0], [506.0, 608.0], [506.0, 621.0], [359.0, 621.0]]}]
Page: 27, Bounding Box: [233, 631, 408, 643], Text: [{'text': '图10可持续发展核心主题披露率', 'confidence': 0.9833897948265076, 'text_region': [[232.0, 632.0], [409.0, 632.0], [409.0, 645.0], [232.0, 645.0]]}]
