Page: 61, Bounding Box: [89, 246, 506, 412], Text: [{'text': '（a）300公里自由空间信道中阿秒量级时间', 'confidence': 0.9591846466064453, 'text_region': [[131.0, 393.0], [273.0, 393.0], [273.0, 403.0], [131.0, 403.0]]}, {'text': '同步实验', 'confidence': 0.9805083870887756, 'text_region': [[272.0, 393.0], [302.0, 393.0], [302.0, 403.0], [272.0, 403.0]]}, {'text': '（b）光钟利用里德堡相互作用实现自旋压缩', 'confidence': 0.9507578015327454, 'text_region': [[342.0, 391.0], [489.0, 391.0], [489.0, 404.0], [342.0, 404.0]]}]
Page: 61, Bounding Box: [168, 419, 505, 449], Text: [{'text': '来源:(a) Nature 618, 721726 (2023) (b) Nature 621, 734739 (2023)', 'confidence': 0.9412840008735657, 'text_region': [[168.0, 418.0], [507.0, 418.0], [507.0, 432.0], [168.0, 432.0]]}, {'text': '图17量子时频同步研究的代表性进展成果', 'confidence': 0.9788944125175476, 'text_region': [[183.0, 437.0], [411.0, 437.0], [411.0, 451.0], [183.0, 451.0]]}]
