Page: 33, Bounding Box: [83, 168, 510, 435], Text: [{'text': '90.0', 'confidence': 0.9987202286720276, 'text_region': [[93.0, 177.0], [119.0, 177.0], [119.0, 189.0], [93.0, 189.0]]}, {'text': '80.0', 'confidence': 0.9979323148727417, 'text_region': [[93.0, 207.0], [119.0, 207.0], [119.0, 219.0], [93.0, 219.0]]}, {'text': '70.0', 'confidence': 0.9985572695732117, 'text_region': [[93.0, 238.0], [119.0, 238.0], [119.0, 249.0], [93.0, 249.0]]}, {'text': '60.0', 'confidence': 0.9950904250144958, 'text_region': [[93.0, 269.0], [119.0, 269.0], [119.0, 281.0], [93.0, 281.0]]}, {'text': '50.0', 'confidence': 0.9980529546737671, 'text_region': [[94.0, 300.0], [118.0, 300.0], [118.0, 312.0], [94.0, 312.0]]}, {'text': '40.0', 'confidence': 0.9980614185333252, 'text_region': [[94.0, 330.0], [118.0, 330.0], [118.0, 342.0], [94.0, 342.0]]}, {'text': '30.0', 'confidence': 0.9984116554260254, 'text_region': [[94.0, 361.0], [118.0, 361.0], [118.0, 373.0], [94.0, 373.0]]}, {'text': '20.0', 'confidence': 0.9975932836532593, 'text_region': [[94.0, 391.0], [119.0, 391.0], [119.0, 403.0], [94.0, 403.0]]}, {'text': '浙江省江苏省山东省广东省上海市北京市四川省福建省湖北省山西省', 'confidence': 0.9758672118186951, 'text_region': [[125.0, 403.0], [494.0, 403.0], [494.0, 420.0], [125.0, 420.0]]}, {'text': '来源：中国信通院', 'confidence': 0.9998245239257812, 'text_region': [[404.0, 432.0], [501.0, 432.0], [501.0, 446.0], [404.0, 446.0]]}]
Page: 33, Bounding Box: [196, 447, 415, 461], Text: [{'text': '图17我国数据中心网络出口带宽得分Topl0省份', 'confidence': 0.9793092608451843, 'text_region': [[162.0, 446.0], [425.0, 446.0], [425.0, 464.0], [162.0, 464.0]]}]
