Page: 10, Bounding Box: [44, 331, 557, 517], Text: [{'text': '投资金额（亿元）', 'confidence': 0.9827584624290466, 'text_region': [[74.0, 335.0], [174.0, 335.0], [174.0, 349.0], [74.0, 349.0]]}, {'text': '0投资案例数', 'confidence': 0.938067615032196, 'text_region': [[191.0, 335.0], [269.0, 335.0], [269.0, 349.0], [191.0, 349.0]]}, {'text': '416.73', 'confidence': 0.9998886585235596, 'text_region': [[461.0, 341.0], [494.0, 341.0], [494.0, 352.0], [461.0, 352.0]]}, {'text': '197', 'confidence': 0.9998679161071777, 'text_region': [[372.0, 353.0], [392.0, 353.0], [392.0, 367.0], [372.0, 367.0]]}, {'text': '338.00', 'confidence': 0.9736620783805847, 'text_region': [[510.0, 361.0], [542.0, 361.0], [542.0, 372.0], [510.0, 372.0]]}, {'text': '158', 'confidence': 0.9998247623443604, 'text_region': [[324.0, 371.0], [343.0, 371.0], [343.0, 384.0], [324.0, 384.0]]}, {'text': '272.53', 'confidence': 0.9986150860786438, 'text_region': [[407.0, 377.0], [447.0, 374.0], [448.0, 388.0], [407.0, 391.0]]}, {'text': '187', 'confidence': 0.9996106624603271, 'text_region': [[485.0, 371.0], [504.0, 371.0], [504.0, 383.0], [485.0, 383.0]]}, {'text': '133', 'confidence': 0.999605119228363, 'text_region': [[275.0, 383.0], [295.0, 383.0], [295.0, 395.0], [275.0, 395.0]]}, {'text': '245.76', 'confidence': 0.999891459941864, 'text_region': [[363.0, 383.0], [401.0, 383.0], [401.0, 397.0], [363.0, 397.0]]}, {'text': '102', 'confidence': 0.9995412826538086, 'text_region': [[228.0, 396.0], [247.0, 396.0], [247.0, 409.0], [228.0, 409.0]]}, {'text': '194.86', 'confidence': 0.9545371532440186, 'text_region': [[316.0, 396.0], [352.0, 396.0], [352.0, 410.0], [316.0, 410.0]]}, {'text': '149', 'confidence': 0.9985584616661072, 'text_region': [[432.0, 394.0], [457.0, 394.0], [457.0, 405.0], [432.0, 405.0]]}, {'text': '106.60', 'confidence': 0.998185396194458, 'text_region': [[220.0, 414.0], [255.0, 416.0], [254.0, 431.0], [219.0, 429.0]]}, {'text': '46.5', 'confidence': 0.9034543037414551, 'text_region': [[178.0, 428.0], [199.0, 428.0], [199.0, 442.0], [178.0, 442.0]]}, {'text': '73.24', 'confidence': 0.9998725652694702, 'text_region': [[271.0, 425.0], [300.0, 425.0], [300.0, 439.0], [271.0, 439.0]]}, {'text': '01', 'confidence': 0.9844033718109131, 'text_region': [[502.0, 495.0], [511.0, 486.0], [517.0, 492.0], [508.0, 501.0]]}]
Page: 10, Bounding Box: [67, 521, 357, 550], Text: [{'text': '图示：中国医疗A领域投融资情况（截至2021年10月）', 'confidence': 0.9957810044288635, 'text_region': [[71.0, 520.0], [357.0, 520.0], [357.0, 534.0], [71.0, 534.0]]}, {'text': '数据来源：36氪研究院', 'confidence': 0.9478598237037659, 'text_region': [[71.0, 538.0], [193.0, 538.0], [193.0, 553.0], [71.0, 553.0]]}]
