Page: 20, Bounding Box: [168, 203, 561, 418], Text: [{'text': '2.0% 1.1%', 'confidence': 0.9778570532798767, 'text_region': [[240.0, 228.0], [294.0, 228.0], [294.0, 239.0], [240.0, 239.0]]}, {'text': '10.3%', 'confidence': 0.9997445344924927, 'text_region': [[294.0, 236.0], [324.0, 236.0], [324.0, 250.0], [294.0, 250.0]]}, {'text': '微创医疗', 'confidence': 0.9983774423599243, 'text_region': [[482.0, 240.0], [527.0, 240.0], [527.0, 251.0], [482.0, 251.0]]}, {'text': '山东吉威', 'confidence': 0.9958171844482422, 'text_region': [[481.0, 258.0], [527.0, 258.0], [527.0, 269.0], [481.0, 269.0]]}, {'text': '31.7%', 'confidence': 0.9995635747909546, 'text_region': [[373.0, 268.0], [403.0, 268.0], [403.0, 282.0], [373.0, 282.0]]}, {'text': '11.5%', 'confidence': 0.9991405606269836, 'text_region': [[254.0, 281.0], [283.0, 281.0], [283.0, 296.0], [254.0, 296.0]]}, {'text': '■波士顿科学', 'confidence': 0.9270275235176086, 'text_region': [[481.0, 275.0], [535.0, 275.0], [535.0, 286.0], [481.0, 286.0]]}, {'text': '■美敦力', 'confidence': 0.8778923153877258, 'text_region': [[480.0, 292.0], [520.0, 292.0], [520.0, 307.0], [480.0, 307.0]]}, {'text': '■乐普医疗', 'confidence': 0.9573060870170593, 'text_region': [[480.0, 310.0], [527.0, 310.0], [527.0, 324.0], [480.0, 324.0]]}, {'text': '13.7%', 'confidence': 0.9917313456535339, 'text_region': [[255.0, 325.0], [284.0, 325.0], [284.0, 340.0], [255.0, 340.0]]}, {'text': '■赛诺医疗', 'confidence': 0.932499885559082, 'text_region': [[480.0, 328.0], [528.0, 328.0], [528.0, 342.0], [480.0, 342.0]]}, {'text': '14.9%', 'confidence': 0.9832159280776978, 'text_region': [[362.0, 354.0], [386.0, 354.0], [386.0, 365.0], [362.0, 365.0]]}, {'text': '雅培', 'confidence': 0.9903503656387329, 'text_region': [[487.0, 345.0], [511.0, 345.0], [511.0, 360.0], [487.0, 360.0]]}, {'text': '14.8%', 'confidence': 0.9995158910751343, 'text_region': [[300.0, 371.0], [327.0, 371.0], [327.0, 382.0], [300.0, 382.0]]}, {'text': '其他', 'confidence': 0.9999211430549622, 'text_region': [[481.0, 363.0], [511.0, 363.0], [511.0, 378.0], [481.0, 378.0]]}]
Page: 20, Bounding Box: [181, 420, 413, 429], Text: [{'text': '资料来源：国家组织医用耗材联合采购平台，华源证券研究', 'confidence': 0.9663750529289246, 'text_region': [[180.0, 419.0], [415.0, 419.0], [415.0, 432.0], [180.0, 432.0]]}]
Page: 20, Bounding Box: [181, 180, 385, 188], Text: [{'text': '图表33：2022年冠脉支架集中带量采购中报量占比', 'confidence': 0.9564878940582275, 'text_region': [[180.0, 180.0], [387.0, 180.0], [387.0, 193.0], [180.0, 193.0]]}]
