Page: 15, Bounding Box: [89, 446, 508, 647], Text: [{'text': '科技支席生西文明', 'confidence': 0.7870981693267822, 'text_region': [[126.0, 478.0], [178.0, 478.0], [178.0, 496.0], [126.0, 496.0]]}, {'text': '36个', 'confidence': 0.8788561820983887, 'text_region': [[235.0, 572.0], [250.0, 572.0], [250.0, 580.0], [235.0, 580.0]]}, {'text': '产业发用', 'confidence': 0.805546224117279, 'text_region': [[236.0, 564.0], [266.0, 561.0], [267.0, 572.0], [237.0, 575.0]]}, {'text': '科授支', 'confidence': 0.5530017614364624, 'text_region': [[103.0, 633.0], [123.0, 633.0], [123.0, 640.0], [103.0, 640.0]]}, {'text': '技支建民生改善', 'confidence': 0.7484821677207947, 'text_region': [[224.0, 632.0], [284.0, 632.0], [284.0, 643.0], [224.0, 643.0]]}, {'text': '科执支挥产业发展科技文挥生态文明科执支排民生改善', 'confidence': 0.8119645118713379, 'text_region': [[313.0, 631.0], [503.0, 631.0], [503.0, 644.0], [313.0, 644.0]]}]
Page: 15, Bounding Box: [145, 655, 505, 690], Text: [{'text': '来源：中国信息通信研究院统计整理', 'confidence': 0.9955836534500122, 'text_region': [[338.0, 655.0], [507.0, 655.0], [507.0, 670.0], [338.0, 670.0]]}, {'text': '图4第一批和第二批国家级创新型县（市）类型分布情况', 'confidence': 0.9992250204086304, 'text_region': [[143.0, 676.0], [452.0, 677.0], [452.0, 694.0], [143.0, 693.0]]}]
