Page: 17, Bounding Box: [86, 73, 522, 353], Text: [{'text': '850', 'confidence': 0.6987960934638977, 'text_region': [[124.0, 82.0], [134.0, 82.0], [134.0, 90.0], [124.0, 90.0]]}, {'text': '2020年算力规酸（EFlops)', 'confidence': 0.8692933917045593, 'text_region': [[247.0, 116.0], [333.0, 116.0], [333.0, 129.0], [247.0, 129.0]]}, {'text': '2021年算力规模（EFlops）', 'confidence': 0.8915605545043945, 'text_region': [[398.0, 115.0], [483.0, 115.0], [483.0, 128.0], [398.0, 128.0]]}, {'text': '2', 'confidence': 0.8284214735031128, 'text_region': [[490.0, 108.0], [496.0, 107.0], [497.0, 113.0], [491.0, 114.0]]}, {'text': '2021年GDP（万亿美元）', 'confidence': 0.9659691452980042, 'text_region': [[247.0, 133.0], [328.0, 135.0], [327.0, 149.0], [247.0, 146.0]]}, {'text': '2022年算力提（E月op', 'confidence': 0.8478764295578003, 'text_region': [[250.0, 128.0], [329.0, 128.0], [329.0, 135.0], [250.0, 135.0]]}, {'text': '2020年GDP（万亿美元）', 'confidence': 0.9481279253959656, 'text_region': [[400.0, 127.0], [476.0, 127.0], [476.0, 137.0], [400.0, 137.0]]}, {'text': '2022年GDP（万亿美元）', 'confidence': 0.9736679792404175, 'text_region': [[400.0, 135.0], [477.0, 135.0], [477.0, 148.0], [400.0, 148.0]]}, {'text': '150', 'confidence': 0.9672122001647949, 'text_region': [[124.0, 169.0], [134.0, 169.0], [134.0, 177.0], [124.0, 177.0]]}, {'text': '1421', 'confidence': 0.996373176574707, 'text_region': [[386.0, 325.0], [421.0, 325.0], [421.0, 332.0], [386.0, 332.0]]}, {'text': '22', 'confidence': 0.9552792906761169, 'text_region': [[437.0, 325.0], [453.0, 325.0], [453.0, 332.0], [437.0, 332.0]]}, {'text': '15', 'confidence': 0.9944272041320801, 'text_region': [[451.0, 325.0], [467.0, 325.0], [467.0, 332.0], [451.0, 332.0]]}, {'text': '16', 'confidence': 0.9988731145858765, 'text_region': [[469.0, 325.0], [480.0, 325.0], [480.0, 333.0], [469.0, 333.0]]}, {'text': '1', 'confidence': 0.6906002163887024, 'text_region': [[473.0, 316.0], [478.0, 316.0], [478.0, 321.0], [473.0, 321.0]]}, {'text': '33152120231416', 'confidence': 0.9974645972251892, 'text_region': [[373.0, 335.0], [482.0, 335.0], [482.0, 345.0], [373.0, 345.0]]}]
Page: 17, Bounding Box: [196, 358, 505, 394], Text: [{'text': '来源：中国信息通信研究院、IDC、Gartner、世界银行', 'confidence': 0.9925206899642944, 'text_region': [[257.0, 358.0], [506.0, 358.0], [506.0, 372.0], [257.0, 372.0]]}, {'text': '图42022年全球算力规模与GDP关系', 'confidence': 0.999392569065094, 'text_region': [[196.0, 381.0], [400.0, 381.0], [400.0, 395.0], [196.0, 395.0]]}]
