Page: 14, Bounding Box: [133, 172, 459, 421], Text: [{'text': '单位：个', 'confidence': 0.9883703589439392, 'text_region': [[153.0, 178.0], [182.0, 178.0], [182.0, 192.0], [153.0, 192.0]]}, {'text': '60', 'confidence': 0.9987695217132568, 'text_region': [[153.0, 211.0], [166.0, 211.0], [166.0, 225.0], [153.0, 225.0]]}, {'text': '50 ', 'confidence': 0.8575201034545898, 'text_region': [[152.0, 237.0], [166.0, 237.0], [166.0, 251.0], [152.0, 251.0]]}, {'text': '40', 'confidence': 0.9997521638870239, 'text_region': [[153.0, 264.0], [166.0, 264.0], [166.0, 278.0], [153.0, 278.0]]}, {'text': '30', 'confidence': 0.9993149638175964, 'text_region': [[152.0, 290.0], [165.0, 290.0], [165.0, 304.0], [152.0, 304.0]]}, {'text': '10', 'confidence': 0.9988635182380676, 'text_region': [[153.0, 342.0], [166.0, 342.0], [166.0, 356.0], [153.0, 356.0]]}, {'text': '2022', 'confidence': 0.9932549595832825, 'text_region': [[225.0, 378.0], [242.0, 378.0], [242.0, 385.0], [225.0, 385.0]]}, {'text': '2023年', 'confidence': 0.8818243145942688, 'text_region': [[362.0, 378.0], [382.0, 378.0], [382.0, 386.0], [362.0, 386.0]]}, {'text': '来源：中国信息通信研究院统计整理', 'confidence': 0.9973087310791016, 'text_region': [[338.0, 421.0], [506.0, 421.0], [506.0, 435.0], [338.0, 435.0]]}]
Page: 14, Bounding Box: [338, 422, 493, 432], Text: [{'text': '来源：中国信息通信研究院统计整理', 'confidence': 0.9973087310791016, 'text_region': [[338.0, 421.0], [506.0, 421.0], [506.0, 435.0], [338.0, 435.0]]}]
