Page: 41, Bounding Box: [125, 479, 469, 687], Text: [{'text': '120', 'confidence': 0.9996328353881836, 'text_region': [[139.0, 488.0], [156.0, 488.0], [156.0, 501.0], [139.0, 501.0]]}, {'text': '100', 'confidence': 0.9996140599250793, 'text_region': [[139.0, 515.0], [155.0, 515.0], [155.0, 527.0], [139.0, 527.0]]}, {'text': '96.7', 'confidence': 0.9998173713684082, 'text_region': [[413.0, 508.0], [432.0, 508.0], [432.0, 519.0], [413.0, 519.0]]}, {'text': '79.6', 'confidence': 0.9998714923858643, 'text_region': [[356.0, 531.0], [373.0, 531.0], [373.0, 542.0], [356.0, 542.0]]}, {'text': '45.27', 'confidence': 0.999697208404541, 'text_region': [[295.0, 576.0], [317.0, 576.0], [317.0, 587.0], [295.0, 587.0]]}, {'text': '10', 'confidence': 0.9031329154968262, 'text_region': [[147.0, 596.0], [154.0, 596.0], [154.0, 603.0], [147.0, 603.0]]}, {'text': '26.45', 'confidence': 0.9917100071907043, 'text_region': [[180.0, 599.0], [199.0, 601.0], [198.0, 612.0], [179.0, 609.0]]}, {'text': '33.93', 'confidence': 0.9996956586837769, 'text_region': [[237.0, 591.0], [259.0, 591.0], [259.0, 602.0], [237.0, 602.0]]}, {'text': '2019', 'confidence': 0.9997385144233704, 'text_region': [[237.0, 657.0], [257.0, 657.0], [257.0, 669.0], [237.0, 669.0]]}, {'text': '2020', 'confidence': 0.9994829297065735, 'text_region': [[295.0, 657.0], [316.0, 657.0], [316.0, 669.0], [295.0, 669.0]]}, {'text': '2021', 'confidence': 0.9996164441108704, 'text_region': [[354.0, 657.0], [374.0, 657.0], [374.0, 671.0], [354.0, 671.0]]}, {'text': '2022', 'confidence': 0.9995864629745483, 'text_region': [[413.0, 658.0], [432.0, 658.0], [432.0, 670.0], [413.0, 670.0]]}, {'text': '来源：中国人民银行', 'confidence': 0.9982554912567139, 'text_region': [[411.0, 685.0], [506.0, 685.0], [506.0, 699.0], [411.0, 699.0]]}]
Page: 41, Bounding Box: [181, 709, 399, 722], Text: [{'text': '图6人民币跨境支付系统（CIPS）处理金额（万亿元）', 'confidence': 0.9989156723022461, 'text_region': [[149.0, 709.0], [442.0, 709.0], [442.0, 724.0], [149.0, 724.0]]}]
