Page: 24, Bounding Box: [94, 185, 506, 416], Text: [{'text': '2428CVO', 'confidence': 0.5787656903266907, 'text_region': [[209.0, 208.0], [242.0, 208.0], [242.0, 215.0], [209.0, 215.0]]}, {'text': '110-025', 'confidence': 0.6248051524162292, 'text_region': [[190.0, 230.0], [216.0, 235.0], [215.0, 243.0], [189.0, 238.0]]}, {'text': '415-号', 'confidence': 0.6614151000976562, 'text_region': [[245.0, 224.0], [264.0, 224.0], [264.0, 232.0], [245.0, 232.0]]}, {'text': '比', 'confidence': 0.6414070129394531, 'text_region': [[105.0, 290.0], [110.0, 290.0], [110.0, 297.0], [105.0, 297.0]]}, {'text': '报道或预期时间', 'confidence': 0.9592612385749817, 'text_region': [[258.0, 380.0], [331.0, 378.0], [331.0, 391.0], [258.0, 394.0]]}, {'text': '来源：中国信息通信研究院', 'confidence': 0.997899055480957, 'text_region': [[379.0, 399.0], [506.0, 399.0], [506.0, 413.0], [379.0, 413.0]]}]
Page: 24, Bounding Box: [196, 423, 415, 435], Text: [{'text': '图10量子计算比特数和量子体积指标发展趋势', 'confidence': 0.9989039301872253, 'text_region': [[172.0, 423.0], [422.0, 423.0], [422.0, 437.0], [172.0, 437.0]]}]
