Page: 40, Bounding Box: [102, 483, 507, 738], Text: {'cell_bbox': [[14.754823684692383, 5.530707836151123, 98.30074310302734, 5.945050239562988, 96.95986938476562, 73.23777770996094, 13.658293724060059, 72.40711212158203], [72.40869903564453, 34.09563446044922, 310.099609375, 32.65554428100586, 311.8636474609375, 82.0132064819336, 72.75936126708984, 84.6117172241211]], 'html': '<html><body><table><tr><td>1.构建培训体系：面向全体员工（包括正式员工、顾问、实习生</td></tr><tr><td>、面向个人信息处理岗位人员开展的专项 考取国际国内相关领域权威专业证书；定期发布信息安全/数 据安全/个人信息保护期刊、漫画、宣传页等 2.建立绩效体系：与员工签署保密协议；规定员工泄露数据及用 户隐私行为的惩罚；将信息安全合规管理与个人信息隐私保护 纳入核心管理层及关键岗位人员的业务考核指标；</td></tr></table></body></html>'}
Page: 40, Bounding Box: [109, 70, 506, 449], Text: {'cell_bbox': [[21.851951599121094, 9.287240982055664, 388.6026611328125, 9.885735511779785, 388.83660888671875, 164.31781005859375, 22.095964431762695, 164.09115600585938], [21.017927169799805, 186.025390625, 389.9499206542969, 189.7798309326172, 389.9041748046875, 271.3566589355469, 20.276708602905273, 269.00775146484375], [9.260809898376465, 256.5281066894531, 393.6485900878906, 252.69129943847656, 393.7603759765625, 345.6903991699219, 9.416601181030273, 346.4233093261719], [7.259588241577148, 278.962890625, 392.07403564453125, 274.3154296875, 392.1318054199219, 331.15875244140625, 7.107361793518066, 333.28851318359375]], 'html': '<html><body><table><tbody><tr><td>证、评估、评测 3.部署技术系统：建立数据库安全审计系统，在机房关键数据位 置部署敏感数据监控系统，开展常规扫描和渗透测试，记录并 定期审计敏感数据的流向和使用方、及时审计告警数据风险操 作、丰富应用审计功能</td></tr><tr><td>“内部意识提升及教育培训”作为个保22个信息点中披露率 排名第3的信息点（59.09%），当前实践表现较好。面向全体员 工、有权查看和处理个人信息的员工 相关业务人员、新入职员</td></tr><tr><td>工等不同人员，互联网企业已日常开展诸多个保相关的意识提升、 现了一些定量化数据，如：培训覆盖率、学员参与数量、活动次</td></tr><tr><td>教育培训、岗位考试、案例分享等活动， 尤其该信息点还突出体 数、满意度等。</td></tr></tbody></table></body></html>'}
