Page: 13, Bounding Box: [74, 356, 260, 519], Text: [{'text': '28%', 'confidence': 0.866635262966156, 'text_region': [[114.0, 406.0], [150.0, 406.0], [150.0, 421.0], [114.0, 421.0]]}, {'text': '的美国消费者认为', 'confidence': 0.9968412518501282, 'text_region': [[113.0, 422.0], [196.0, 422.0], [196.0, 435.0], [113.0, 435.0]]}, {'text': '与上年相比，他们承担', 'confidence': 0.9961224794387817, 'text_region': [[113.0, 438.0], [201.0, 438.0], [201.0, 451.0], [113.0, 451.0]]}, {'text': '意外医疗费用的能力有', 'confidence': 0.9976032972335815, 'text_region': [[113.0, 448.0], [200.0, 448.0], [200.0, 461.0], [113.0, 461.0]]}, {'text': '所下降。需要紧急医疗', 'confidence': 0.9780252575874329, 'text_region': [[112.0, 458.0], [200.0, 458.0], [200.0, 472.0], [112.0, 472.0]]}, {'text': '时，至少需自付500美', 'confidence': 0.9969266653060913, 'text_region': [[112.0, 469.0], [197.0, 469.0], [197.0, 482.0], [112.0, 482.0]]}, {'text': '元的医疗费用。', 'confidence': 0.9638188481330872, 'text_region': [[113.0, 481.0], [169.0, 481.0], [169.0, 492.0], [113.0, 492.0]]}]
Page: 13, Bounding Box: [79, 532, 272, 548], Text: [{'text': '注：受访人数=2,005人', 'confidence': 0.9814380407333374, 'text_region': [[78.0, 529.0], [164.0, 529.0], [164.0, 542.0], [78.0, 542.0]]}, {'text': '资料来源： Deloitte 2022 Pulse Survey of US Consumers.', 'confidence': 0.9369277954101562, 'text_region': [[78.0, 539.0], [274.0, 539.0], [274.0, 553.0], [78.0, 553.0]]}]
