Page: 31, Bounding Box: [155, 67, 509, 223], Text: [{'text': '200', 'confidence': 0.9813475012779236, 'text_region': [[175.0, 77.0], [188.0, 80.0], [186.0, 89.0], [173.0, 86.0]]}, {'text': '150', 'confidence': 0.9724023938179016, 'text_region': [[175.0, 105.0], [187.0, 105.0], [187.0, 114.0], [175.0, 114.0]]}, {'text': '100', 'confidence': 0.9990873336791992, 'text_region': [[174.0, 130.0], [188.0, 130.0], [188.0, 142.0], [174.0, 142.0]]}, {'text': '2021.12021.92022.12022.92023.12023.9', 'confidence': 0.9990757703781128, 'text_region': [[198.0, 194.0], [412.0, 194.0], [412.0, 207.0], [198.0, 207.0]]}, {'text': '来源：Footprint中国信息通信研究院', 'confidence': 0.9858312010765076, 'text_region': [[328.0, 218.0], [496.0, 218.0], [496.0, 232.0], [328.0, 232.0]]}]
Page: 31, Bounding Box: [213, 241, 372, 253], Text: [{'text': '图4全球公有链数量增长趋势', 'confidence': 0.9971635341644287, 'text_region': [[212.0, 241.0], [376.0, 241.0], [376.0, 256.0], [212.0, 256.0]]}]
Page: 31, Bounding Box: [329, 218, 495, 230], Text: [{'text': '来源：Footprint中国信息通信研究院', 'confidence': 0.9858312010765076, 'text_region': [[328.0, 218.0], [496.0, 218.0], [496.0, 232.0], [328.0, 232.0]]}]
