Page: 19, Bounding Box: [84, 237, 502, 474], Text: [{'text': '数字经济全要素生产率变动趋势', 'confidence': 0.994536280632019, 'text_region': [[200.0, 243.0], [394.0, 243.0], [394.0, 258.0], [200.0, 258.0]]}, {'text': '1.8', 'confidence': 0.9986699223518372, 'text_region': [[97.0, 292.0], [112.0, 292.0], [112.0, 305.0], [97.0, 305.0]]}, {'text': '1.6', 'confidence': 0.997997522354126, 'text_region': [[97.0, 317.0], [112.0, 317.0], [112.0, 330.0], [97.0, 330.0]]}, {'text': '1.4', 'confidence': 0.9954017996788025, 'text_region': [[98.0, 345.0], [110.0, 345.0], [110.0, 354.0], [98.0, 354.0]]}, {'text': '1.2', 'confidence': 0.99874347448349, 'text_region': [[97.0, 369.0], [112.0, 369.0], [112.0, 381.0], [97.0, 381.0]]}, {'text': '第一产业数字经济全要素生产率', 'confidence': 0.9716557264328003, 'text_region': [[145.0, 436.0], [319.0, 434.0], [320.0, 448.0], [145.0, 451.0]]}, {'text': '第二产业数字经济全要素生产率', 'confidence': 0.9972963333129883, 'text_region': [[314.0, 437.0], [455.0, 437.0], [455.0, 450.0], [314.0, 450.0]]}, {'text': '第三产业数字经济全要素生产率一一数字经济全要素生产率', 'confidence': 0.9758120775222778, 'text_region': [[164.0, 454.0], [420.0, 454.0], [420.0, 469.0], [164.0, 469.0]]}]
Page: 19, Bounding Box: [178, 506, 383, 519], Text: [{'text': '图62000-2022年我国数字经济全要素生产率', 'confidence': 0.9987704157829285, 'text_region': [[175.0, 506.0], [411.0, 506.0], [411.0, 520.0], [175.0, 520.0]]}]
