Page: 6, Bounding Box: [107, 475, 494, 699], Text: [{'text': '数字经济的“四化框架”', 'confidence': 0.9609375, 'text_region': [[218.0, 488.0], [366.0, 488.0], [366.0, 502.0], [218.0, 502.0]]}, {'text': '生产要素', 'confidence': 0.9954218864440918, 'text_region': [[137.0, 514.0], [187.0, 516.0], [187.0, 531.0], [136.0, 529.0]]}, {'text': '生产力', 'confidence': 0.9998376965522766, 'text_region': [[271.0, 515.0], [310.0, 515.0], [310.0, 530.0], [271.0, 530.0]]}, {'text': '生产关系', 'confidence': 0.9994590282440186, 'text_region': [[397.0, 514.0], [447.0, 514.0], [447.0, 528.0], [397.0, 528.0]]}, {'text': '数据价值化', 'confidence': 0.9973213076591492, 'text_region': [[131.0, 540.0], [192.0, 540.0], [192.0, 554.0], [131.0, 554.0]]}, {'text': '数字产业化', 'confidence': 0.994239330291748, 'text_region': [[266.0, 539.0], [326.0, 539.0], [326.0, 557.0], [266.0, 557.0]]}, {'text': '数字化治理', 'confidence': 0.997222900390625, 'text_region': [[389.0, 539.0], [452.0, 539.0], [452.0, 557.0], [389.0, 557.0]]}, {'text': '基础电信', 'confidence': 0.9974473118782043, 'text_region': [[243.0, 564.0], [279.0, 564.0], [279.0, 575.0], [243.0, 575.0]]}, {'text': '电子信息制造', 'confidence': 0.9926426410675049, 'text_region': [[281.0, 557.0], [359.0, 561.0], [358.0, 579.0], [280.0, 575.0]]}, {'text': '多主体参与', 'confidence': 0.9954697489738464, 'text_region': [[418.0, 567.0], [462.0, 567.0], [462.0, 581.0], [418.0, 581.0]]}, {'text': '软件及服务', 'confidence': 0.9711389541625977, 'text_region': [[225.0, 581.0], [290.0, 586.0], [288.0, 604.0], [224.0, 600.0]]}, {'text': '产业数字化', 'confidence': 0.9986106753349304, 'text_region': [[259.0, 615.0], [323.0, 615.0], [323.0, 632.0], [259.0, 632.0]]}, {'text': '数字技术+治理', 'confidence': 0.9669841527938843, 'text_region': [[413.0, 611.0], [470.0, 611.0], [470.0, 622.0], [413.0, 622.0]]}, {'text': '技术', 'confidence': 0.9772689342498779, 'text_region': [[134.0, 661.0], [152.0, 661.0], [152.0, 673.0], [134.0, 673.0]]}, {'text': '数字化公共服务', 'confidence': 0.9941750764846802, 'text_region': [[413.0, 660.0], [471.0, 660.0], [471.0, 671.0], [413.0, 671.0]]}, {'text': '劳动', 'confidence': 0.6345244646072388, 'text_region': [[135.0, 675.0], [151.0, 675.0], [151.0, 683.0], [135.0, 683.0]]}, {'text': '资料来源：中国信息通信研究院', 'confidence': 0.9969620704650879, 'text_region': [[352.0, 694.0], [500.0, 694.0], [500.0, 708.0], [352.0, 708.0]]}]
Page: 6, Bounding Box: [216, 717, 372, 729], Text: [{'text': '图1数字经济的“四化”框架', 'confidence': 0.981862485408783, 'text_region': [[216.0, 717.0], [374.0, 717.0], [374.0, 731.0], [216.0, 731.0]]}]
Page: 6, Bounding Box: [352, 695, 498, 705], Text: [{'text': '资料来源：中国信息通信研究院', 'confidence': 0.9969620704650879, 'text_region': [[352.0, 694.0], [500.0, 694.0], [500.0, 708.0], [352.0, 708.0]]}]
