Page: 15, Bounding Box: [184, 469, 576, 683], Text: [{'text': '100', 'confidence': 0.9993124008178711, 'text_region': [[230.0, 476.0], [245.0, 476.0], [245.0, 484.0], [230.0, 484.0]]}, {'text': 'DES group BMS group', 'confidence': 0.9774476289749146, 'text_region': [[253.0, 654.0], [337.0, 654.0], [337.0, 667.0], [253.0, 667.0]]}, {'text': 'DES groupBMS group', 'confidence': 0.9755793809890747, 'text_region': [[336.0, 653.0], [429.0, 653.0], [429.0, 667.0], [336.0, 667.0]]}, {'text': 'DES groupBMS group', 'confidence': 0.9945862889289856, 'text_region': [[427.0, 653.0], [519.0, 653.0], [519.0, 667.0], [427.0, 667.0]]}, {'text': 'Before intervention', 'confidence': 0.990024983882904, 'text_region': [[256.0, 665.0], [332.0, 667.0], [332.0, 681.0], [256.0, 679.0]]}, {'text': 'After intervention', 'confidence': 0.9610903263092041, 'text_region': [[351.0, 667.0], [422.0, 667.0], [422.0, 681.0], [351.0, 681.0]]}, {'text': 'At 1-y follow-up', 'confidence': 0.9861487150192261, 'text_region': [[443.0, 665.0], [509.0, 667.0], [508.0, 681.0], [443.0, 679.0]]}, {'text': '资补未源：《Comparison of Drug-Eluting Stent With Bare-Metal Stent in Patients With', 'confidence': 0.961775541305542, 'text_region': [[178.0, 683.0], [528.0, 684.0], [528.0, 698.0], [178.0, 697.0]]}]
Page: 15, Bounding Box: [15, 81, 585, 316], Text: [{'text': '围表19：NOVADES结构、功能设计', 'confidence': 0.9611895680427551, 'text_region': [[39.0, 76.0], [192.0, 76.0], [192.0, 89.0], [39.0, 89.0]]}, {'text': '图表20：药物释放与平清肌增殖时间曲线一致', 'confidence': 0.9140849113464355, 'text_region': [[310.0, 76.0], [496.0, 76.0], [496.0, 89.0], [310.0, 89.0]]}, {'text': '间(只)', 'confidence': 0.6071949601173401, 'text_region': [[547.0, 249.0], [566.0, 249.0], [566.0, 257.0], [547.0, 257.0]]}, {'text': '资料来源：赛诺医疗官网，华源证券研究', 'confidence': 0.9624631404876709, 'text_region': [[39.0, 302.0], [204.0, 302.0], [204.0, 315.0], [39.0, 315.0]]}, {'text': '资料来源：赛诺神畅，脑医汇，华源证券研究', 'confidence': 0.9837724566459656, 'text_region': [[311.0, 302.0], [493.0, 302.0], [493.0, 315.0], [311.0, 315.0]]}]
Page: 15, Bounding Box: [178, 686, 562, 718], Text: [{'text': '资补未源：《Comparison of Drug-Eluting Stent With Bare-Metal Stent in Patients With', 'confidence': 0.961775541305542, 'text_region': [[178.0, 683.0], [528.0, 684.0], [528.0, 698.0], [178.0, 697.0]]}, {'text': 'Symptomatic High-grade Intracranial Atherosclerotic Stenosis3 ,  JAMA Neurology, Baixue Jia', 'confidence': 0.9704610109329224, 'text_region': [[178.0, 697.0], [564.0, 697.0], [564.0, 711.0], [178.0, 711.0]]}, {'text': '等，华源证券研究', 'confidence': 0.9803594946861267, 'text_region': [[181.0, 710.0], [253.0, 710.0], [253.0, 721.0], [181.0, 721.0]]}]
Page: 15, Bounding Box: [180, 449, 322, 457], Text: [{'text': '图表21：NOVADES格床试验对比', 'confidence': 0.916117787361145, 'text_region': [[178.0, 447.0], [323.0, 446.0], [324.0, 460.0], [178.0, 462.0]]}]
