Page: 6, Bounding Box: [95, 517, 505, 729], Text: [{'text': '1600', 'confidence': 0.9994309544563293, 'text_region': [[132.0, 526.0], [151.0, 526.0], [151.0, 539.0], [132.0, 539.0]]}, {'text': '1400', 'confidence': 0.9995269179344177, 'text_region': [[132.0, 544.0], [151.0, 544.0], [151.0, 558.0], [132.0, 558.0]]}, {'text': '1200', 'confidence': 0.9961670637130737, 'text_region': [[129.0, 562.0], [152.0, 562.0], [152.0, 577.0], [129.0, 577.0]]}, {'text': '1000', 'confidence': 0.9868941307067871, 'text_region': [[134.0, 580.0], [151.0, 580.0], [151.0, 593.0], [134.0, 593.0]]}, {'text': '800', 'confidence': 0.8673610091209412, 'text_region': [[136.0, 597.0], [150.0, 597.0], [150.0, 611.0], [136.0, 611.0]]}, {'text': '500', 'confidence': 0.8966036438941956, 'text_region': [[138.0, 615.0], [151.0, 615.0], [151.0, 629.0], [138.0, 629.0]]}, {'text': '400', 'confidence': 0.9674275517463684, 'text_region': [[138.0, 634.0], [153.0, 634.0], [153.0, 648.0], [138.0, 648.0]]}, {'text': '2010 2011 2012 2013 2014 2015 2016 2017 2018 2019 2020 2021 2022 2023', 'confidence': 0.9818453788757324, 'text_region': [[158.0, 682.0], [477.0, 682.0], [477.0, 696.0], [158.0, 696.0]]}, {'text': '■全球年新增■中国年新增美国年新增', 'confidence': 0.9711474180221558, 'text_region': [[212.0, 703.0], [382.0, 703.0], [382.0, 718.0], [212.0, 718.0]]}, {'text': '来源：中国信息通信研究院', 'confidence': 0.9915836453437805, 'text_region': [[379.0, 726.0], [506.0, 726.0], [506.0, 739.0], [379.0, 739.0]]}]
Page: 6, Bounding Box: [194, 745, 399, 757], Text: [{'text': '图1全球/中国区块链年度新增企业数量', 'confidence': 0.9953749179840088, 'text_region': [[193.0, 746.0], [402.0, 746.0], [402.0, 759.0], [193.0, 759.0]]}]
