Page: 7, Bounding Box: [12, 133, 113, 218], Text: [{'text': 'McKinsey Insights App', 'confidence': 0.9981024861335754, 'text_region': [[5.0, 117.0], [108.0, 119.0], [108.0, 133.0], [5.0, 131.0]]}, {'text': '口', 'confidence': 0.5038356781005859, 'text_region': [[20.0, 201.0], [31.0, 201.0], [31.0, 209.0], [20.0, 209.0]]}]
Page: 7, Bounding Box: [7, 107, 110, 129], Text: [{'text': 'McKinsey Insights App', 'confidence': 0.9981024861335754, 'text_region': [[5.0, 117.0], [108.0, 119.0], [108.0, 133.0], [5.0, 131.0]]}, {'text': 'Find mo', 'confidence': 0.9481663703918457, 'text_region': [[12.0, 110.0], [34.0, 110.0], [34.0, 117.0], [12.0, 117.0]]}]
