Page: 59, Bounding Box: [113, 204, 465, 464], Text: []
Page: 59, Bounding Box: [167, 491, 496, 504], Text: [{'text': '图262023年工业百强区创新主体总量及占比情况', 'confidence': 0.9991520047187805, 'text_region': [[166.0, 492.0], [430.0, 492.0], [430.0, 505.0], [166.0, 505.0]]}]
Page: 59, Bounding Box: [295, 468, 504, 480], Text: [{'text': '来源：中国信息通信研究院根据统计数据整理', 'confidence': 0.997033953666687, 'text_region': [[296.0, 468.0], [506.0, 468.0], [506.0, 482.0], [296.0, 482.0]]}]
