Page: 12, Bounding Box: [195, 264, 570, 472], Text: [{'text': '800', 'confidence': 0.9962213635444641, 'text_region': [[217.0, 267.0], [236.0, 267.0], [236.0, 279.0], [217.0, 279.0]]}, {'text': '20202026E CAGR', 'confidence': 0.9859296083450317, 'text_region': [[255.0, 270.0], [340.0, 270.0], [340.0, 284.0], [255.0, 284.0]]}, {'text': '700', 'confidence': 0.9992709755897522, 'text_region': [[216.0, 285.0], [238.0, 285.0], [238.0, 298.0], [216.0, 298.0]]}, {'text': '出血性脑卒中', 'confidence': 0.9953476786613464, 'text_region': [[255.0, 283.0], [323.0, 283.0], [323.0, 298.0], [255.0, 298.0]]}, {'text': '21. 8%', 'confidence': 0.9263126254081726, 'text_region': [[358.0, 282.0], [391.0, 285.0], [390.0, 299.0], [356.0, 296.0]]}, {'text': '600', 'confidence': 0.9989613890647888, 'text_region': [[216.0, 304.0], [236.0, 304.0], [236.0, 316.0], [216.0, 316.0]]}, {'text': '脑动脉粥样硬化狭窄25.1%', 'confidence': 0.9870923757553101, 'text_region': [[256.0, 298.0], [391.0, 298.0], [391.0, 311.0], [256.0, 311.0]]}, {'text': '急性缺血性脑卒中', 'confidence': 0.9826603531837463, 'text_region': [[255.0, 311.0], [346.0, 311.0], [346.0, 325.0], [255.0, 325.0]]}, {'text': '39. 2%', 'confidence': 0.9953448176383972, 'text_region': [[359.0, 311.0], [391.0, 311.0], [391.0, 325.0], [359.0, 325.0]]}, {'text': '500', 'confidence': 0.9994049668312073, 'text_region': [[217.0, 322.0], [238.0, 322.0], [238.0, 334.0], [217.0, 334.0]]}, {'text': '合计', 'confidence': 0.9998267889022827, 'text_region': [[255.0, 324.0], [279.0, 324.0], [279.0, 339.0], [255.0, 339.0]]}, {'text': '28. 9%', 'confidence': 0.9923667907714844, 'text_region': [[360.0, 326.0], [390.0, 326.0], [390.0, 337.0], [360.0, 337.0]]}, {'text': '400', 'confidence': 0.99904465675354, 'text_region': [[217.0, 340.0], [236.0, 340.0], [236.0, 352.0], [217.0, 352.0]]}, {'text': '300', 'confidence': 0.9994401931762695, 'text_region': [[216.0, 357.0], [239.0, 357.0], [239.0, 372.0], [216.0, 372.0]]}, {'text': '200', 'confidence': 0.999671220779419, 'text_region': [[215.0, 375.0], [239.0, 375.0], [239.0, 391.0], [215.0, 391.0]]}, {'text': '100', 'confidence': 0.99944669008255, 'text_region': [[217.0, 395.0], [238.0, 395.0], [238.0, 407.0], [217.0, 407.0]]}, {'text': '■出血性脑卒中■脑动脉粥样硬化获窄■急性缺血性脑卒中', 'confidence': 0.9655866026878357, 'text_region': [[235.0, 458.0], [514.0, 458.0], [514.0, 472.0], [235.0, 472.0]]}]
Page: 12, Bounding Box: [181, 242, 388, 251], Text: [{'text': '国表15：2015-2026年国内神经介入手术数量（千台）', 'confidence': 0.9717622995376587, 'text_region': [[179.0, 241.0], [388.0, 241.0], [388.0, 255.0], [179.0, 255.0]]}]
