Page: 13, Bounding Box: [26, 575, 462, 749], Text: [{'text': '【图2.5】患者援助类项目按是否进医保划分（2016vs2020）', 'confidence': 0.9555788636207581, 'text_region': [[31.0, 569.0], [287.0, 569.0], [287.0, 582.0], [31.0, 582.0]]}, {'text': '5.0%', 'confidence': 0.9998666048049927, 'text_region': [[123.0, 589.0], [144.0, 589.0], [144.0, 600.0], [123.0, 600.0]]}, {'text': '25.0%', 'confidence': 0.9945122003555298, 'text_region': [[310.0, 590.0], [332.0, 590.0], [332.0, 598.0], [310.0, 598.0]]}, {'text': '2016', 'confidence': 0.9998745322227478, 'text_region': [[81.0, 661.0], [126.0, 661.0], [126.0, 679.0], [81.0, 679.0]]}, {'text': '2020', 'confidence': 0.9996057748794556, 'text_region': [[328.0, 661.0], [372.0, 661.0], [372.0, 679.0], [328.0, 679.0]]}, {'text': '95.0%', 'confidence': 0.9996892213821411, 'text_region': [[158.0, 718.0], [184.0, 718.0], [184.0, 729.0], [158.0, 729.0]]}, {'text': '5.0%', 'confidence': 0.9976311326026917, 'text_region': [[406.0, 719.0], [425.0, 719.0], [425.0, 727.0], [406.0, 727.0]]}]
Page: 13, Bounding Box: [26, 258, 483, 467], Text: [{'text': '【图2.4】患者援助类项目按项目类别划分（2016VS2020）', 'confidence': 0.9555834531784058, 'text_region': [[31.0, 248.0], [276.0, 248.0], [276.0, 261.0], [31.0, 261.0]]}, {'text': '10.0%', 'confidence': 0.9270191192626953, 'text_region': [[62.0, 268.0], [86.0, 268.0], [86.0, 277.0], [62.0, 277.0]]}, {'text': '15.0%', 'confidence': 0.9996315240859985, 'text_region': [[316.0, 268.0], [340.0, 268.0], [340.0, 277.0], [316.0, 277.0]]}, {'text': '2016', 'confidence': 0.9998639225959778, 'text_region': [[83.0, 339.0], [127.0, 339.0], [127.0, 357.0], [83.0, 357.0]]}, {'text': '2020', 'confidence': 0.9995630979537964, 'text_region': [[331.0, 339.0], [375.0, 339.0], [375.0, 357.0], [331.0, 357.0]]}, {'text': '90.0%', 'confidence': 0.9999030232429504, 'text_region': [[157.0, 396.0], [182.0, 396.0], [182.0, 407.0], [157.0, 407.0]]}, {'text': '85.0%', 'confidence': 0.9873558282852173, 'text_region': [[407.0, 398.0], [428.0, 398.0], [428.0, 405.0], [407.0, 405.0]]}, {'text': '药品援助数量', 'confidence': 0.889560878276825, 'text_region': [[32.0, 433.0], [92.0, 435.0], [92.0, 450.0], [31.0, 447.0]]}, {'text': '■资金援助数量', 'confidence': 0.8787769675254822, 'text_region': [[116.0, 436.0], [175.0, 436.0], [175.0, 447.0], [116.0, 447.0]]}, {'text': '数据来源，各大基金会年度披露数据,基金会中心周及行业专家访谈信息整理与分析', 'confidence': 0.9404267072677612, 'text_region': [[33.0, 457.0], [287.0, 457.0], [287.0, 468.0], [33.0, 468.0]]}]
Page: 13, Bounding Box: [37, 758, 162, 766], Text: [{'text': '进入医保', 'confidence': 0.9475100636482239, 'text_region': [[33.0, 758.0], [76.0, 758.0], [76.0, 769.0], [33.0, 769.0]]}, {'text': '■未进入医保', 'confidence': 0.9611734747886658, 'text_region': [[111.0, 758.0], [163.0, 758.0], [163.0, 769.0], [111.0, 769.0]]}]
