Page: 60, Bounding Box: [147, 328, 454, 566], Text: [{'text': '20000', 'confidence': 0.9995900988578796, 'text_region': [[161.0, 336.0], [184.0, 336.0], [184.0, 348.0], [161.0, 348.0]]}, {'text': '18000', 'confidence': 0.9997369647026062, 'text_region': [[161.0, 355.0], [183.0, 355.0], [183.0, 367.0], [161.0, 367.0]]}, {'text': '16000', 'confidence': 0.9992451667785645, 'text_region': [[160.0, 372.0], [185.0, 372.0], [185.0, 387.0], [160.0, 387.0]]}, {'text': '14000', 'confidence': 0.9998728036880493, 'text_region': [[161.0, 392.0], [184.0, 392.0], [184.0, 404.0], [161.0, 404.0]]}, {'text': '12000', 'confidence': 0.9999103546142578, 'text_region': [[161.0, 410.0], [184.0, 410.0], [184.0, 422.0], [161.0, 422.0]]}, {'text': '10000', 'confidence': 0.9994430541992188, 'text_region': [[161.0, 429.0], [183.0, 429.0], [183.0, 441.0], [161.0, 441.0]]}, {'text': '8000', 'confidence': 0.9856998324394226, 'text_region': [[165.0, 448.0], [184.0, 448.0], [184.0, 461.0], [165.0, 461.0]]}, {'text': '6000', 'confidence': 0.9993795156478882, 'text_region': [[166.0, 467.0], [184.0, 467.0], [184.0, 479.0], [166.0, 479.0]]}, {'text': '4000', 'confidence': 0.9994171261787415, 'text_region': [[166.0, 485.0], [183.0, 485.0], [183.0, 497.0], [166.0, 497.0]]}, {'text': '2000', 'confidence': 0.9996767640113831, 'text_region': [[165.0, 504.0], [183.0, 504.0], [183.0, 516.0], [165.0, 516.0]]}, {'text': '东都地区', 'confidence': 0.8937304019927979, 'text_region': [[202.0, 529.0], [236.0, 532.0], [235.0, 543.0], [202.0, 540.0]]}, {'text': '中部地区', 'confidence': 0.98430335521698, 'text_region': [[265.0, 530.0], [295.0, 530.0], [295.0, 541.0], [265.0, 541.0]]}, {'text': '西邮地区', 'confidence': 0.9301468133926392, 'text_region': [[325.0, 529.0], [357.0, 529.0], [357.0, 543.0], [325.0, 543.0]]}, {'text': '东北地区', 'confidence': 0.9998379349708557, 'text_region': [[388.0, 529.0], [419.0, 529.0], [419.0, 543.0], [388.0, 543.0]]}, {'text': '工业百强区民营工业企业均值（家）', 'confidence': 0.9849969148635864, 'text_region': [[218.0, 541.0], [332.0, 541.0], [332.0, 551.0], [218.0, 551.0]]}, {'text': '2022年工业百强区新成立民营工业企业均值（家）', 'confidence': 0.9346461296081543, 'text_region': [[224.0, 551.0], [375.0, 551.0], [375.0, 565.0], [224.0, 565.0]]}]
Page: 60, Bounding Box: [153, 577, 504, 613], Text: [{'text': '来源：中国信息通信研究院根据统计数据整理', 'confidence': 0.9956973195075989, 'text_region': [[296.0, 578.0], [506.0, 578.0], [506.0, 591.0], [296.0, 591.0]]}, {'text': '图272023年工业百强区分地区民营工业企业均值数据', 'confidence': 0.9976881742477417, 'text_region': [[153.0, 601.0], [442.0, 601.0], [442.0, 614.0], [153.0, 614.0]]}]
