Page: 33, Bounding Box: [115, 165, 506, 359], Text: [{'text': '来源：中国信息通信研究院整理', 'confidence': 0.9984795451164246, 'text_region': [[358.0, 342.0], [506.0, 342.0], [506.0, 356.0], [358.0, 356.0]]}]
Page: 33, Bounding Box: [178, 366, 432, 379], Text: [{'text': '图14个人信息及用户隐私保护各信息点披露占比', 'confidence': 0.9938246011734009, 'text_region': [[176.0, 364.0], [440.0, 364.0], [440.0, 382.0], [176.0, 382.0]]}]
