Page: 29, Bounding Box: [26, 393, 412, 509], Text: [{'text': '深入了解乙世代和千禧一代的心理键康前景', 'confidence': 0.9164169430732727, 'text_region': [[251.0, 440.0], [410.0, 440.0], [410.0, 450.0], [251.0, 450.0]]}, {'text': '阅读湿度解析心理健康', 'confidence': 0.8467864990234375, 'text_region': [[251.0, 452.0], [350.0, 452.0], [350.0, 462.0], [251.0, 462.0]]}]
Page: 29, Bounding Box: [457, 8, 782, 601], Text: []
