Page: 74, Bounding Box: [102, 481, 501, 684], Text: [{'text': '中都28个', 'confidence': 0.8219683766365051, 'text_region': [[277.0, 645.0], [304.0, 648.0], [303.0, 659.0], [276.0, 656.0]]}, {'text': '部东北', 'confidence': 0.9128579497337341, 'text_region': [[275.0, 666.0], [344.0, 666.0], [344.0, 677.0], [275.0, 677.0]]}]
Page: 74, Bounding Box: [296, 690, 505, 725], Text: [{'text': '来源：中国信息通信研究院根据统计数据整理', 'confidence': 0.9962331652641296, 'text_region': [[295.0, 690.0], [506.0, 690.0], [506.0, 703.0], [295.0, 703.0]]}, {'text': '图32县（市）新型工业化产业示范基地区域分布情况', 'confidence': 0.9923480153083801, 'text_region': [[155.0, 712.0], [442.0, 712.0], [442.0, 726.0], [155.0, 726.0]]}]
