Page: 43, Bounding Box: [79, 73, 517, 265], Text: [{'text': '数据应用', 'confidence': 0.9991968870162964, 'text_region': [[373.0, 86.0], [418.0, 86.0], [418.0, 100.0], [373.0, 100.0]]}, {'text': '数据流通', 'confidence': 0.9994252920150757, 'text_region': [[282.0, 99.0], [325.0, 99.0], [325.0, 113.0], [282.0, 113.0]]}, {'text': '数据建模', 'confidence': 0.9918167591094971, 'text_region': [[372.0, 109.0], [420.0, 109.0], [420.0, 123.0], [372.0, 123.0]]}, {'text': '数据确权', 'confidence': 0.9996414184570312, 'text_region': [[282.0, 120.0], [327.0, 120.0], [327.0, 135.0], [282.0, 135.0]]}, {'text': '数据计算', 'confidence': 0.9994104504585266, 'text_region': [[191.0, 133.0], [234.0, 130.0], [235.0, 145.0], [192.0, 148.0]]}, {'text': '价值转移', 'confidence': 0.9997697472572327, 'text_region': [[280.0, 145.0], [327.0, 145.0], [327.0, 159.0], [280.0, 159.0]]}, {'text': '数据可视化', 'confidence': 0.9995466470718384, 'text_region': [[369.0, 143.0], [422.0, 140.0], [423.0, 155.0], [370.0, 157.0]]}, {'text': '数据存储', 'confidence': 0.9994310140609741, 'text_region': [[98.0, 153.0], [143.0, 153.0], [143.0, 167.0], [98.0, 167.0]]}, {'text': '流计算', 'confidence': 0.9999602437019348, 'text_region': [[195.0, 153.0], [231.0, 153.0], [231.0, 168.0], [195.0, 168.0]]}, {'text': '经济价值', 'confidence': 0.9996834397315979, 'text_region': [[452.0, 154.0], [497.0, 154.0], [497.0, 165.0], [452.0, 165.0]]}, {'text': '定价算法', 'confidence': 0.9992750883102417, 'text_region': [[279.0, 168.0], [328.0, 168.0], [328.0, 179.0], [279.0, 179.0]]}, {'text': '机器学习', 'confidence': 0.9981986880302429, 'text_region': [[372.0, 177.0], [418.0, 177.0], [418.0, 191.0], [372.0, 191.0]]}, {'text': '批计算', 'confidence': 0.9999179840087891, 'text_region': [[196.0, 187.0], [232.0, 187.0], [232.0, 201.0], [196.0, 201.0]]}, {'text': '数据采集', 'confidence': 0.9991815090179443, 'text_region': [[97.0, 197.0], [142.0, 197.0], [142.0, 212.0], [97.0, 212.0]]}, {'text': '来源：中国信息通信研究院', 'confidence': 0.9981260299682617, 'text_region': [[376.0, 249.0], [505.0, 249.0], [505.0, 263.0], [376.0, 263.0]]}]
Page: 43, Bounding Box: [218, 272, 377, 284], Text: [{'text': '图8数据要素流通技术流程图', 'confidence': 0.9995625615119934, 'text_region': [[217.0, 272.0], [379.0, 272.0], [379.0, 286.0], [217.0, 286.0]]}]
