Page: 24, Bounding Box: [83, 385, 513, 655], Text: [{'text': '90.0', 'confidence': 0.999671459197998, 'text_region': [[96.0, 392.0], [121.0, 392.0], [121.0, 407.0], [96.0, 407.0]]}, {'text': '80.0', 'confidence': 0.9994689226150513, 'text_region': [[96.0, 428.0], [121.0, 428.0], [121.0, 443.0], [96.0, 443.0]]}, {'text': '70.0', 'confidence': 0.9992985129356384, 'text_region': [[97.0, 466.0], [120.0, 466.0], [120.0, 478.0], [97.0, 478.0]]}, {'text': '60.0', 'confidence': 0.9997059106826782, 'text_region': [[96.0, 501.0], [121.0, 501.0], [121.0, 516.0], [96.0, 516.0]]}, {'text': '50.0', 'confidence': 0.9997597932815552, 'text_region': [[96.0, 537.0], [121.0, 537.0], [121.0, 552.0], [96.0, 552.0]]}, {'text': '40.0', 'confidence': 0.9997503757476807, 'text_region': [[96.0, 574.0], [121.0, 574.0], [121.0, 589.0], [96.0, 589.0]]}, {'text': '30.0', 'confidence': 0.9995553493499756, 'text_region': [[97.0, 611.0], [120.0, 611.0], [120.0, 623.0], [97.0, 623.0]]}, {'text': '广东省江苏省上海市河北省北京市浙江省贵州省甘肃省山东省四川省', 'confidence': 0.9993356466293335, 'text_region': [[124.0, 623.0], [492.0, 623.0], [492.0, 637.0], [124.0, 637.0]]}, {'text': '来源：中国信通院', 'confidence': 0.9996949434280396, 'text_region': [[404.0, 650.0], [501.0, 650.0], [501.0, 665.0], [404.0, 665.0]]}]
Page: 24, Bounding Box: [213, 666, 376, 679], Text: [{'text': '图10存力评价结果Top10省份', 'confidence': 0.9881613254547119, 'text_region': [[212.0, 666.0], [377.0, 666.0], [377.0, 679.0], [212.0, 679.0]]}]
