Page: 24, Bounding Box: [167, 79, 470, 333], Text: [{'text': '■电力钢铁交通建材建筑化工其他', 'confidence': 0.9386555552482605, 'text_region': [[197.0, 270.0], [402.0, 270.0], [402.0, 283.0], [197.0, 283.0]]}, {'text': '来源：落基山研究所', 'confidence': 0.9986340999603271, 'text_region': [[411.0, 308.0], [506.0, 308.0], [506.0, 322.0], [411.0, 322.0]]}]
Page: 24, Bounding Box: [205, 337, 389, 349], Text: [{'text': '图42019年中国分行业碳排放结构', 'confidence': 0.9996852874755859, 'text_region': [[204.0, 337.0], [391.0, 337.0], [391.0, 351.0], [204.0, 351.0]]}]
