Page: 30, Bounding Box: [125, 72, 505, 228], Text: [{'text': '云平台', 'confidence': 0.9004508852958679, 'text_region': [[250.0, 85.0], [267.0, 85.0], [267.0, 92.0], [250.0, 92.0]]}, {'text': 'SG网', 'confidence': 0.7526390552520752, 'text_region': [[183.0, 115.0], [204.0, 115.0], [204.0, 123.0], [183.0, 123.0]]}, {'text': '车规终端', 'confidence': 0.6724177002906799, 'text_region': [[161.0, 197.0], [190.0, 197.0], [190.0, 207.0], [161.0, 207.0]]}, {'text': '车载终滤', 'confidence': 0.7509233951568604, 'text_region': [[206.0, 199.0], [238.0, 199.0], [238.0, 206.0], [206.0, 206.0]]}]
Page: 30, Bounding Box: [194, 233, 495, 269], Text: [{'text': '来源：T/SHV2X2—2023支持高级别自动驾驶的5G网络性能要求', 'confidence': 0.9839720129966736, 'text_region': [[194.0, 233.0], [495.0, 233.0], [495.0, 246.0], [194.0, 246.0]]}, {'text': '图2高级别自动驾驶网络架构图', 'confidence': 0.9992608428001404, 'text_region': [[206.0, 257.0], [381.0, 257.0], [381.0, 271.0], [206.0, 271.0]]}]
