Page: 40, Bounding Box: [86, 231, 510, 461], Text: [{'text': '来源：中国信息通信研究院', 'confidence': 0.9942641258239746, 'text_region': [[380.0, 452.0], [505.0, 452.0], [505.0, 467.0], [380.0, 467.0]]}]
Page: 40, Bounding Box: [178, 475, 417, 487], Text: [{'text': '图162022年中国部分省份基础设施算力规模', 'confidence': 0.9990012645721436, 'text_region': [[177.0, 476.0], [418.0, 476.0], [418.0, 490.0], [177.0, 490.0]]}]
