Page: 11, Bounding Box: [96, 132, 510, 344], Text: [{'text': '无线经济内部结构', 'confidence': 0.9998272061347961, 'text_region': [[246.0, 138.0], [350.0, 138.0], [350.0, 153.0], [246.0, 153.0]]}, {'text': '2022', 'confidence': 0.9993355870246887, 'text_region': [[111.0, 173.0], [131.0, 173.0], [131.0, 184.0], [111.0, 184.0]]}, {'text': '2021', 'confidence': 0.9996653199195862, 'text_region': [[111.0, 198.0], [130.0, 198.0], [130.0, 209.0], [111.0, 209.0]]}, {'text': '2020', 'confidence': 0.9992038607597351, 'text_region': [[114.0, 223.0], [131.0, 223.0], [131.0, 234.0], [114.0, 234.0]]}, {'text': '019', 'confidence': 0.99806147813797, 'text_region': [[116.0, 249.0], [130.0, 249.0], [130.0, 258.0], [116.0, 258.0]]}, {'text': '2018', 'confidence': 0.9994630813598633, 'text_region': [[114.0, 274.0], [131.0, 274.0], [131.0, 285.0], [114.0, 285.0]]}, {'text': '0%', 'confidence': 0.9430915117263794, 'text_region': [[133.0, 299.0], [142.0, 299.0], [142.0, 307.0], [133.0, 307.0]]}, {'text': '0%', 'confidence': 0.8914541006088257, 'text_region': [[167.0, 300.0], [177.0, 300.0], [177.0, 307.0], [167.0, 307.0]]}, {'text': '20%', 'confidence': 0.9954811930656433, 'text_region': [[198.0, 299.0], [212.0, 299.0], [212.0, 307.0], [198.0, 307.0]]}, {'text': '无线产业', 'confidence': 0.9957231283187866, 'text_region': [[256.0, 316.0], [296.0, 316.0], [296.0, 327.0], [256.0, 327.0]]}, {'text': '来源：中国信息通信研究院', 'confidence': 0.9962949156761169, 'text_region': [[378.0, 344.0], [506.0, 344.0], [506.0, 359.0], [378.0, 359.0]]}]
Page: 11, Bounding Box: [224, 372, 371, 384], Text: [{'text': '图4我国无线经济内部结构', 'confidence': 0.9996845126152039, 'text_region': [[223.0, 371.0], [372.0, 371.0], [372.0, 388.0], [223.0, 388.0]]}]
Page: 11, Bounding Box: [380, 345, 504, 355], Text: [{'text': '来源：中国信息通信研究院', 'confidence': 0.9962949156761169, 'text_region': [[378.0, 344.0], [506.0, 344.0], [506.0, 359.0], [378.0, 359.0]]}]
