Page: 9, Bounding Box: [92, 292, 514, 589], Text: [{'text': '非植入式■植入式', 'confidence': 0.9644346237182617, 'text_region': [[377.0, 328.0], [466.0, 328.0], [466.0, 341.0], [377.0, 341.0]]}, {'text': '下游-非', 'confidence': 0.8671870827674866, 'text_region': [[188.0, 341.0], [222.0, 341.0], [222.0, 355.0], [188.0, 355.0]]}, {'text': '植入式，', 'confidence': 0.9602580070495605, 'text_region': [[189.0, 353.0], [220.0, 353.0], [220.0, 364.0], [189.0, 364.0]]}, {'text': '53%', 'confidence': 0.9941987991333008, 'text_region': [[194.0, 364.0], [216.0, 364.0], [216.0, 376.0], [194.0, 376.0]]}, {'text': '中游', 'confidence': 0.9137781858444214, 'text_region': [[238.0, 400.0], [258.0, 400.0], [258.0, 412.0], [238.0, 412.0]]}, {'text': '30%', 'confidence': 0.9983844757080078, 'text_region': [[242.0, 411.0], [257.0, 411.0], [257.0, 421.0], [242.0, 421.0]]}, {'text': '入式', 'confidence': 0.7834619283676147, 'text_region': [[150.0, 449.0], [166.0, 449.0], [166.0, 456.0], [150.0, 456.0]]}, {'text': '年份', 'confidence': 0.9997864961624146, 'text_region': [[310.0, 558.0], [330.0, 558.0], [330.0, 570.0], [310.0, 570.0]]}]
Page: 9, Bounding Box: [184, 615, 410, 627], Text: [{'text': '图2历年各技术路线新增脑机接口企业数量', 'confidence': 0.9989771842956543, 'text_region': [[184.0, 615.0], [411.0, 615.0], [411.0, 629.0], [184.0, 629.0]]}]
Page: 9, Bounding Box: [295, 593, 477, 603], Text: [{'text': '来源：Crunchbase，CB，中国信息通信研究院', 'confidence': 0.9964758157730103, 'text_region': [[295.0, 592.0], [506.0, 592.0], [506.0, 606.0], [295.0, 606.0]]}]
