Page: 65, Bounding Box: [89, 189, 506, 333], Text: [{'text': '（a）单光子激光雷达水下漏油检测', 'confidence': 0.95925372838974, 'text_region': [[112.0, 314.0], [245.0, 314.0], [245.0, 328.0], [112.0, 328.0]]}, {'text': '（b）基于光子雷达的非接触式生命体征检测', 'confidence': 0.9660738110542297, 'text_region': [[293.0, 314.0], [463.0, 314.0], [463.0, 328.0], [293.0, 328.0]]}]
Page: 65, Bounding Box: [134, 342, 504, 374], Text: [{'text': '来源:(a) Applied Optics 62(19), 5301-5305 (b) Nature Photonics 17, 791797', 'confidence': 0.9702733159065247, 'text_region': [[134.0, 343.0], [506.0, 343.0], [506.0, 357.0], [134.0, 357.0]]}, {'text': '图18量子探测成像应用探索代表性进展成果', 'confidence': 0.999092698097229, 'text_region': [[177.0, 361.0], [418.0, 361.0], [418.0, 375.0], [177.0, 375.0]]}]
