Page: 18, Bounding Box: [216, 381, 1983, 1403], Text: [{'text': '数字化健康管理', 'confidence': 0.9890408515930176, 'text_region': [[579.0, 537.0], [894.0, 537.0], [894.0, 580.0], [579.0, 580.0]]}, {'text': '智慧病案', 'confidence': 0.9969692230224609, 'text_region': [[581.0, 716.0], [765.0, 716.0], [765.0, 767.0], [581.0, 767.0]]}, {'text': '医保信息化', 'confidence': 0.9994591474533081, 'text_region': [[579.0, 906.0], [808.0, 906.0], [808.0, 957.0], [579.0, 957.0]]}, {'text': '赛道择选说明：详见P18评估示意图，其中在线诊疗与医药电商因已较为成熟且艾瑞咨询研究院已发布多篇相关报告，故不详细展开分析。', 'confidence': 0.9936195015907288, 'text_region': [[119.0, 1393.0], [1458.0, 1396.0], [1458.0, 1425.0], [119.0, 1423.0]]}]
Page: 18, Bounding Box: [163, 1397, 1455, 1421], Text: [{'text': '赛道择选说明：详见P18评估示意图，其中在线诊疗与医药电商因已较为成熟且艾瑞咨询研究院已发布多篇相关报告，故不详细展开分析。', 'confidence': 0.9936195015907288, 'text_region': [[119.0, 1393.0], [1458.0, 1396.0], [1458.0, 1425.0], [119.0, 1423.0]]}]
