Page: 43, Bounding Box: [84, 149, 510, 392], Text: [{'text': '120', 'confidence': 0.9988898634910583, 'text_region': [[97.0, 143.0], [109.0, 143.0], [109.0, 153.0], [97.0, 153.0]]}, {'text': '100', 'confidence': 0.9990045428276062, 'text_region': [[97.0, 177.0], [110.0, 177.0], [110.0, 186.0], [97.0, 186.0]]}, {'text': '80', 'confidence': 0.9994875192642212, 'text_region': [[99.0, 208.0], [112.0, 208.0], [112.0, 221.0], [99.0, 221.0]]}, {'text': '来源：中国信息通信研究院', 'confidence': 0.9952371120452881, 'text_region': [[379.0, 390.0], [506.0, 390.0], [506.0, 404.0], [379.0, 404.0]]}]
Page: 43, Bounding Box: [183, 414, 412, 426], Text: [{'text': '图182022年中国部分省份算力技术分指数', 'confidence': 0.9996474981307983, 'text_region': [[183.0, 413.0], [412.0, 413.0], [412.0, 427.0], [183.0, 427.0]]}]
