Page: 39, Bounding Box: [120, 231, 470, 443], Text: [{'text': '以色', 'confidence': 0.9891915321350098, 'text_region': [[420.0, 390.0], [438.0, 390.0], [438.0, 397.0], [420.0, 397.0]]}, {'text': '来源：Crunchbase,中国信息通信研究院', 'confidence': 0.9790081977844238, 'text_region': [[317.0, 436.0], [495.0, 436.0], [495.0, 450.0], [317.0, 450.0]]}]
Page: 39, Bounding Box: [211, 459, 374, 471], Text: [{'text': '图13全球Web3企业地域分布', 'confidence': 0.9833260178565979, 'text_region': [[211.0, 460.0], [375.0, 460.0], [375.0, 474.0], [211.0, 474.0]]}]
