Page: 12, Bounding Box: [169, 523, 441, 679], Text: [{'text': '位万亿元', 'confidence': 0.6685263514518738, 'text_region': [[179.0, 536.0], [213.0, 533.0], [214.0, 544.0], [180.0, 547.0]]}, {'text': '我国县（市）第二产业增加值及占全国的比重', 'confidence': 0.9976007342338562, 'text_region': [[212.0, 527.0], [389.0, 526.0], [389.0, 540.0], [212.0, 541.0]]}, {'text': '18.1', 'confidence': 0.8923118710517883, 'text_region': [[390.0, 547.0], [405.0, 547.0], [405.0, 554.0], [390.0, 554.0]]}, {'text': '014', 'confidence': 0.9964394569396973, 'text_region': [[244.0, 649.0], [258.0, 649.0], [258.0, 656.0], [244.0, 656.0]]}, {'text': '2021', 'confidence': 0.9594665765762329, 'text_region': [[386.0, 649.0], [400.0, 649.0], [400.0, 658.0], [386.0, 658.0]]}, {'text': '县域第二产业增加值占全国的比雍', 'confidence': 0.8309067487716675, 'text_region': [[293.0, 663.0], [410.0, 663.0], [410.0, 673.0], [293.0, 673.0]]}]
Page: 12, Bounding Box: [174, 684, 503, 695], Text: [{'text': '来源：中国信息通信研究院根据2013-2022年中国县域统计年鉴数据整理', 'confidence': 0.9929692149162292, 'text_region': [[172.0, 683.0], [506.0, 684.0], [506.0, 698.0], [172.0, 697.0]]}]
