Page: 12, Bounding Box: [86, 106, 509, 303], Text: [{'text': '川', 'confidence': 0.9498658180236816, 'text_region': [[187.0, 126.0], [198.0, 126.0], [198.0, 135.0], [187.0, 135.0]]}, {'text': '天津', 'confidence': 0.9874148368835449, 'text_region': [[254.0, 186.0], [267.0, 186.0], [267.0, 194.0], [254.0, 194.0]]}, {'text': '无线经济占GDP比重（圆图大小表示无线经济）', 'confidence': 0.9534965753555298, 'text_region': [[231.0, 280.0], [372.0, 280.0], [372.0, 293.0], [231.0, 293.0]]}, {'text': '来源：中国信息通信研究院', 'confidence': 0.9976284503936768, 'text_region': [[378.0, 299.0], [506.0, 299.0], [506.0, 313.0], [378.0, 313.0]]}]
Page: 12, Bounding Box: [182, 327, 399, 340], Text: [{'text': '图5我国各省市无线经济规模、占比、增速', 'confidence': 0.9928524494171143, 'text_region': [[179.0, 325.0], [416.0, 325.0], [416.0, 342.0], [179.0, 342.0]]}]
