Page: 70, Bounding Box: [97, 507, 506, 680], Text: [{'text': '性：', 'confidence': 0.7436264753341675, 'text_region': [[111.0, 514.0], [127.0, 514.0], [127.0, 525.0], [111.0, 525.0]]}]
Page: 70, Bounding Box: [297, 686, 505, 721], Text: [{'text': '来源：中国信息通信研究院根据统计数据整理', 'confidence': 0.996120810508728, 'text_region': [[295.0, 687.0], [506.0, 687.0], [506.0, 701.0], [295.0, 701.0]]}, {'text': '图30县（市）国家级经开区（左）和国家级高新区（右）省份分布情况', 'confidence': 0.9995391368865967, 'text_region': [[107.0, 710.0], [489.0, 710.0], [489.0, 724.0], [107.0, 724.0]]}]
