Page: 25, Bounding Box: [183, 413, 438, 657], Text: [{'text': '企国可静量史是目标（59%:', 'confidence': 0.548201858997345, 'text_region': [[195.0, 437.0], [257.0, 437.0], [257.0, 447.0], [195.0, 447.0]]}, {'text': '港明合文居所（院，社会页管必医合指引', 'confidence': 0.5952033996582031, 'text_region': [[197.0, 456.0], [294.0, 457.0], [294.0, 469.0], [197.0, 468.0]]}, {'text': '纳新达', 'confidence': 0.7646147608757019, 'text_region': [[284.0, 477.0], [302.0, 477.0], [302.0, 484.0], [284.0, 484.0]]}, {'text': '特设管会计准到委员会', 'confidence': 0.5731707811355591, 'text_region': [[196.0, 515.0], [249.0, 515.0], [249.0, 525.0], [196.0, 525.0]]}, {'text': '来源：中国信息通信研究院整理', 'confidence': 0.9967618584632874, 'text_region': [[359.0, 656.0], [505.0, 656.0], [505.0, 669.0], [359.0, 669.0]]}]
Page: 25, Bounding Box: [196, 674, 415, 686], Text: [{'text': '图8简单罗列式信息披露参照依据及披露占比', 'confidence': 0.9685283899307251, 'text_region': [[186.0, 673.0], [430.0, 674.0], [430.0, 688.0], [186.0, 687.0]]}]
Page: 25, Bounding Box: [359, 656, 503, 667], Text: [{'text': '来源：中国信息通信研究院整理', 'confidence': 0.9967618584632874, 'text_region': [[359.0, 656.0], [505.0, 656.0], [505.0, 669.0], [359.0, 669.0]]}]
