Page: 56, Bounding Box: [98, 78, 503, 312], Text: [{'text': '工业增加值（万亿', 'confidence': 0.9271245002746582, 'text_region': [[132.0, 155.0], [180.0, 155.0], [180.0, 165.0], [132.0, 165.0]]}, {'text': '一般公共预算收入（万亿）', 'confidence': 0.8628706932067871, 'text_region': [[116.0, 205.0], [182.0, 205.0], [182.0, 215.0], [116.0, 215.0]]}, {'text': '提上工业企业数量（万户', 'confidence': 0.9160629510879517, 'text_region': [[115.0, 256.0], [180.0, 256.0], [180.0, 266.0], [115.0, 266.0]]}, {'text': '来源：中国信息通信研究院根据统计数据整理', 'confidence': 0.9937191009521484, 'text_region': [[296.0, 312.0], [506.0, 312.0], [506.0, 326.0], [296.0, 326.0]]}]
Page: 56, Bounding Box: [173, 313, 505, 348], Text: [{'text': '来源：中国信息通信研究院根据统计数据整理', 'confidence': 0.9937191009521484, 'text_region': [[296.0, 312.0], [506.0, 312.0], [506.0, 326.0], [296.0, 326.0]]}, {'text': '图242023年工业百强区主要经济指标与全国对比', 'confidence': 0.9997007846832275, 'text_region': [[165.0, 333.0], [431.0, 333.0], [431.0, 350.0], [165.0, 350.0]]}]
