Page: 6, Bounding Box: [32, 211, 562, 425], Text: [{'text': '图表2：公司发展历程', 'confidence': 0.9524081945419312, 'text_region': [[38.0, 199.0], [129.0, 199.0], [129.0, 213.0], [38.0, 213.0]]}, {'text': 'KAIRTSON', 'confidence': 0.5825508832931519, 'text_region': [[225.0, 228.0], [269.0, 228.0], [269.0, 235.0], [225.0, 235.0]]}, {'text': '2016年,SleekPimeFCAiRR甲DO5在Ns', 'confidence': 0.6548827290534973, 'text_region': [[309.0, 220.0], [414.0, 220.0], [414.0, 227.0], [309.0, 227.0]]}, {'text': '*2013年F, SUN&I', 'confidence': 0.8471232652664185, 'text_region': [[179.0, 245.0], [220.0, 245.0], [220.0, 252.0], [179.0, 252.0]]}, {'text': 'Mat', 'confidence': 0.6159687042236328, 'text_region': [[180.0, 254.0], [189.0, 254.0], [189.0, 260.0], [180.0, 260.0]]}, {'text': '*A8导E*B Ne', 'confidence': 0.5624809265136719, 'text_region': [[308.0, 245.0], [358.0, 245.0], [358.0, 252.0], [308.0, 252.0]]}, {'text': 'Tytnak88内04', 'confidence': 0.5886001586914062, 'text_region': [[308.0, 253.0], [346.0, 253.0], [346.0, 260.0], [308.0, 260.0]]}, {'text': '08RPTCARRSE', 'confidence': 0.518801212310791, 'text_region': [[367.0, 245.0], [414.0, 245.0], [414.0, 252.0], [367.0, 252.0]]}, {'text': '20154', 'confidence': 0.9700675010681152, 'text_region': [[259.0, 273.0], [275.0, 273.0], [275.0, 280.0], [259.0, 280.0]]}, {'text': ' 20178, Tynikt', 'confidence': 0.8240412473678589, 'text_region': [[393.0, 275.0], [435.0, 275.0], [435.0, 285.0], [393.0, 285.0]]}, {'text': '城空神介入事业部', 'confidence': 0.7421493530273438, 'text_region': [[394.0, 293.0], [441.0, 293.0], [441.0, 301.0], [394.0, 301.0]]}, {'text': '*PIONEDR 4RBA生IR选地', 'confidence': 0.6602518558502197, 'text_region': [[394.0, 302.0], [461.0, 302.0], [461.0, 309.0], [394.0, 309.0]]}, {'text': '12021年,A8内8', 'confidence': 0.7773922085762024, 'text_region': [[233.0, 312.0], [268.0, 312.0], [268.0, 319.0], [233.0, 319.0]]}, {'text': 'fT Infinity) 量中)', 'confidence': 0.8450754880905151, 'text_region': [[170.0, 369.0], [215.0, 369.0], [215.0, 376.0], [170.0, 376.0]]}, {'text': '资料来源：赛诺医疗官网，华源证券研究', 'confidence': 0.9596830010414124, 'text_region': [[39.0, 423.0], [204.0, 423.0], [204.0, 436.0], [39.0, 436.0]]}]
Page: 6, Bounding Box: [162, 596, 578, 722], Text: [{'text': '图表3：2024.6公司股权结构', 'confidence': 0.9547984004020691, 'text_region': [[178.0, 594.0], [299.0, 594.0], [299.0, 607.0], [178.0, 607.0]]}, {'text': '5.299', 'confidence': 0.9746009111404419, 'text_region': [[202.0, 639.0], [217.0, 639.0], [217.0, 646.0], [202.0, 646.0]]}, {'text': '2.42%', 'confidence': 0.9991629719734192, 'text_region': [[351.0, 639.0], [369.0, 639.0], [369.0, 646.0], [351.0, 646.0]]}, {'text': '赛诺医疗科学技术股份有限公司', 'confidence': 0.9744210243225098, 'text_region': [[329.0, 659.0], [435.0, 658.0], [435.0, 672.0], [329.0, 673.0]]}, {'text': '香', 'confidence': 0.6997963786125183, 'text_region': [[340.0, 701.0], [353.0, 701.0], [353.0, 708.0], [340.0, 708.0]]}, {'text': '团心畅', 'confidence': 0.5523980855941772, 'text_region': [[386.0, 701.0], [405.0, 701.0], [405.0, 708.0], [386.0, 708.0]]}, {'text': '资料来源：Wind，华源证券研究', 'confidence': 0.9648337960243225, 'text_region': [[179.0, 721.0], [311.0, 721.0], [311.0, 734.0], [179.0, 734.0]]}]
