Page: 12, Bounding Box: [113, 104, 502, 325], Text: [{'text': '植入式', 'confidence': 0.9992603659629822, 'text_region': [[276.0, 113.0], [320.0, 113.0], [320.0, 129.0], [276.0, 129.0]]}, {'text': '）', 'confidence': 0.6688411235809326, 'text_region': [[140.0, 149.0], [157.0, 149.0], [157.0, 241.0], [140.0, 241.0]]}, {'text': '10', 'confidence': 0.9871122241020203, 'text_region': [[157.0, 141.0], [169.0, 141.0], [169.0, 156.0], [157.0, 156.0]]}, {'text': '投资年', 'confidence': 0.9999160766601562, 'text_region': [[296.0, 284.0], [327.0, 284.0], [327.0, 296.0], [296.0, 296.0]]}, {'text': 'Seed天使轮A轮B轮C轮', 'confidence': 0.9621414542198181, 'text_region': [[213.0, 300.0], [368.0, 300.0], [368.0, 313.0], [213.0, 313.0]]}]
Page: 12, Bounding Box: [207, 350, 385, 363], Text: [{'text': '图5植入式技术路线企业获投情况', 'confidence': 0.9979459047317505, 'text_region': [[206.0, 350.0], [390.0, 350.0], [390.0, 364.0], [206.0, 364.0]]}]
