Page: 6, Bounding Box: [144, 71, 511, 360], Text: [{'text': '盘', 'confidence': 0.7066664099693298, 'text_region': [[256.0, 88.0], [272.0, 86.0], [275.0, 109.0], [259.0, 111.0]]}, {'text': '移动烫值产', 'confidence': 0.6155657768249512, 'text_region': [[241.0, 109.0], [290.0, 109.0], [290.0, 131.0], [241.0, 131.0]]}, {'text': '电子信销', 'confidence': 0.6005181074142456, 'text_region': [[201.0, 135.0], [242.0, 138.0], [240.0, 161.0], [200.0, 158.0]]}, {'text': '就能农业', 'confidence': 0.8973339200019836, 'text_region': [[323.0, 127.0], [348.0, 127.0], [348.0, 139.0], [323.0, 139.0]]}, {'text': '业', 'confidence': 0.9935557246208191, 'text_region': [[261.0, 144.0], [274.0, 144.0], [274.0, 157.0], [261.0, 157.0]]}, {'text': '产', 'confidence': 0.9307068586349487, 'text_region': [[246.0, 159.0], [255.0, 159.0], [255.0, 170.0], [246.0, 170.0]]}, {'text': '线', 'confidence': 0.6538870930671692, 'text_region': [[334.0, 160.0], [347.0, 166.0], [341.0, 179.0], [328.0, 172.0]]}, {'text': '线', 'confidence': 0.9972992539405823, 'text_region': [[235.0, 174.0], [256.0, 177.0], [254.0, 194.0], [233.0, 190.0]]}, {'text': '南工', 'confidence': 0.5233302712440491, 'text_region': [[372.0, 176.0], [391.0, 176.0], [391.0, 183.0], [372.0, 183.0]]}, {'text': '移动互联网', 'confidence': 0.8761599659919739, 'text_region': [[189.0, 189.0], [220.0, 189.0], [220.0, 199.0], [189.0, 199.0]]}, {'text': '无', 'confidence': 0.9996891021728516, 'text_region': [[233.0, 196.0], [248.0, 196.0], [248.0, 209.0], [233.0, 209.0]]}, {'text': '频谱资源', 'confidence': 0.973404586315155, 'text_region': [[269.0, 190.0], [321.0, 190.0], [321.0, 204.0], [269.0, 204.0]]}, {'text': '42种无线电业务', 'confidence': 0.9858570098876953, 'text_region': [[267.0, 205.0], [322.0, 205.0], [322.0, 219.0], [267.0, 219.0]]}, {'text': '软件及服务', 'confidence': 0.9424251317977905, 'text_region': [[185.0, 226.0], [216.0, 226.0], [216.0, 237.0], [185.0, 237.0]]}, {'text': '无成', 'confidence': 0.6383009552955627, 'text_region': [[193.0, 236.0], [210.0, 236.0], [210.0, 243.0], [193.0, 243.0]]}, {'text': '线治', 'confidence': 0.9981245994567871, 'text_region': [[274.0, 245.0], [314.0, 249.0], [313.0, 263.0], [273.0, 259.0]]}, {'text': '产业及应用政策', 'confidence': 0.9228785634040833, 'text_region': [[242.0, 293.0], [284.0, 293.0], [284.0, 303.0], [242.0, 303.0]]}, {'text': '来源：中国信息通信研究院', 'confidence': 0.9969992637634277, 'text_region': [[379.0, 334.0], [506.0, 334.0], [506.0, 347.0], [379.0, 347.0]]}]
Page: 6, Bounding Box: [237, 362, 358, 375], Text: [{'text': '图1无线经济体系框架', 'confidence': 0.9996980428695679, 'text_region': [[235.0, 361.0], [361.0, 361.0], [361.0, 378.0], [235.0, 378.0]]}]
