Page: 13, Bounding Box: [474, 0, 791, 127], Text: []
Page: 13, Bounding Box: [512, 181, 777, 594], Text: [{'text': '尽管20多年来不断提醒，但收效甚微。人们被要求', 'confidence': 0.9908214807510376, 'text_region': [[548.0, 188.0], [750.0, 188.0], [750.0, 201.0], [548.0, 201.0]]}, {'text': '“从小事做起”，但总有高高在上的少数人，让这', 'confidence': 0.9673437476158142, 'text_region': [[552.0, 202.0], [749.0, 202.0], [749.0, 215.0], [552.0, 215.0]]}, {'text': '些微薄的努力付诸东流。政府给大众的印象是，尽', 'confidence': 0.9926527142524719, 'text_region': [[548.0, 215.0], [752.0, 215.0], [752.0, 228.0], [548.0, 228.0]]}, {'text': '管形势愈加紧迫，但仍为时未晚。所采取的措施不', 'confidence': 0.9765827655792236, 'text_region': [[548.0, 227.0], [751.0, 229.0], [751.0, 243.0], [547.0, 242.0]]}, {'text': '够充分，来自游说者的压力如此之大，以至于无法', 'confidence': 0.9982452988624573, 'text_region': [[548.0, 243.0], [749.0, 243.0], [749.0, 256.0], [548.0, 256.0]]}, {'text': '实施真正有实质影响的优先行动。', 'confidence': 0.9585688710212708, 'text_region': [[547.0, 255.0], [685.0, 256.0], [685.0, 270.0], [546.0, 269.0]]}, {'text': 'Z世代，女，法国', 'confidence': 0.9727120399475098, 'text_region': [[559.0, 284.0], [633.0, 284.0], [633.0, 295.0], [559.0, 295.0]]}, {'text': 'PI', 'confidence': 0.5811878442764282, 'text_region': [[575.0, 375.0], [592.0, 375.0], [592.0, 387.0], [575.0, 387.0]]}, {'text': 'WHII', 'confidence': 0.7303378582000732, 'text_region': [[630.0, 408.0], [666.0, 411.0], [665.0, 421.0], [629.0, 419.0]]}, {'text': '5', 'confidence': 0.5442051291465759, 'text_region': [[536.0, 429.0], [547.0, 429.0], [547.0, 437.0], [536.0, 437.0]]}, {'text': 'DYING', 'confidence': 0.9701766967773438, 'text_region': [[547.0, 428.0], [583.0, 428.0], [583.0, 438.0], [547.0, 438.0]]}, {'text': 'STOP', 'confidence': 0.992457389831543, 'text_region': [[549.0, 441.0], [602.0, 439.0], [602.0, 453.0], [550.0, 455.0]]}, {'text': 'ENYING', 'confidence': 0.9932736754417419, 'text_region': [[551.0, 458.0], [605.0, 458.0], [605.0, 468.0], [551.0, 468.0]]}, {'text': 'ING', 'confidence': 0.9963353276252747, 'text_region': [[609.0, 478.0], [634.0, 475.0], [636.0, 490.0], [611.0, 493.0]]}]
