Page: 14, Bounding Box: [70, 523, 505, 687], Text: [{'text': '3.0%6', 'confidence': 0.909467339515686, 'text_region': [[176.0, 527.0], [198.0, 527.0], [198.0, 538.0], [176.0, 538.0]]}, {'text': '20.0%', 'confidence': 0.9996981620788574, 'text_region': [[409.0, 527.0], [435.0, 527.0], [435.0, 537.0], [409.0, 537.0]]}, {'text': '21.0%', 'confidence': 0.9990261197090149, 'text_region': [[224.0, 553.0], [252.0, 553.0], [252.0, 563.0], [224.0, 563.0]]}, {'text': '13.0%', 'confidence': 0.9987217783927917, 'text_region': [[330.0, 544.0], [358.0, 544.0], [358.0, 555.0], [330.0, 555.0]]}, {'text': '31.09%', 'confidence': 0.909108579158783, 'text_region': [[79.0, 571.0], [107.0, 571.0], [107.0, 582.0], [79.0, 582.0]]}, {'text': '2016', 'confidence': 0.9998692274093628, 'text_region': [[149.0, 599.0], [194.0, 599.0], [194.0, 617.0], [149.0, 617.0]]}, {'text': '2020', 'confidence': 0.9995693564414978, 'text_region': [[378.0, 599.0], [423.0, 599.0], [423.0, 617.0], [378.0, 617.0]]}, {'text': '6.0%6', 'confidence': 0.8834077715873718, 'text_region': [[228.0, 657.0], [249.0, 657.0], [249.0, 668.0], [228.0, 668.0]]}, {'text': '28.0', 'confidence': 0.9855905771255493, 'text_region': [[319.0, 651.0], [335.0, 651.0], [335.0, 658.0], [319.0, 658.0]]}, {'text': '39.0%', 'confidence': 0.9433185458183289, 'text_region': [[451.0, 662.0], [473.0, 662.0], [473.0, 670.0], [451.0, 670.0]]}]
Page: 14, Bounding Box: [71, 192, 543, 404], Text: [{'text': '15.0%', 'confidence': 0.9546850323677063, 'text_region': [[132.0, 197.0], [160.0, 197.0], [160.0, 208.0], [132.0, 208.0]]}, {'text': '10.0%', 'confidence': 0.9969393610954285, 'text_region': [[363.0, 197.0], [389.0, 197.0], [389.0, 207.0], [363.0, 207.0]]}, {'text': '14.0%', 'confidence': 0.9996727108955383, 'text_region': [[81.0, 261.0], [105.0, 261.0], [105.0, 272.0], [81.0, 272.0]]}, {'text': '16.0%', 'confidence': 0.9687337875366211, 'text_region': [[311.0, 260.0], [332.0, 260.0], [332.0, 268.0], [311.0, 268.0]]}, {'text': '2016', 'confidence': 0.9998873472213745, 'text_region': [[156.0, 270.0], [200.0, 270.0], [200.0, 288.0], [156.0, 288.0]]}, {'text': '2020', 'confidence': 0.999492347240448, 'text_region': [[386.0, 270.0], [428.0, 270.0], [428.0, 285.0], [386.0, 285.0]]}, {'text': '71.0%', 'confidence': 0.9985109567642212, 'text_region': [[131.0, 345.0], [159.0, 345.0], [159.0, 356.0], [131.0, 356.0]]}, {'text': '74.0%', 'confidence': 0.9809378385543823, 'text_region': [[356.0, 343.0], [378.0, 343.0], [378.0, 351.0], [356.0, 351.0]]}, {'text': '5,000万元以下', 'confidence': 0.9749506711959839, 'text_region': [[78.0, 371.0], [145.0, 371.0], [145.0, 383.0], [78.0, 383.0]]}, {'text': '5,000万—2亿元', 'confidence': 0.9445013999938965, 'text_region': [[154.0, 371.0], [227.0, 371.0], [227.0, 383.0], [154.0, 383.0]]}, {'text': '2亿元以上', 'confidence': 0.9971364736557007, 'text_region': [[237.0, 371.0], [288.0, 371.0], [288.0, 383.0], [237.0, 383.0]]}, {'text': '数据来源：备大基金会年度被露数据,基金会中心网及行业专家访该信息整理与分析', 'confidence': 0.91065514087677, 'text_region': [[78.0, 394.0], [332.0, 394.0], [332.0, 404.0], [78.0, 404.0]]}]
Page: 14, Bounding Box: [79, 719, 330, 727], Text: [{'text': '数据来源：各大基金会年度推露数据、基金会中心网及行业专家访谈信息整理与分析', 'confidence': 0.926941454410553, 'text_region': [[78.0, 720.0], [332.0, 720.0], [332.0, 730.0], [78.0, 730.0]]}]
Page: 14, Bounding Box: [86, 698, 305, 706], Text: [{'text': '1年周期', 'confidence': 0.98919278383255, 'text_region': [[78.0, 697.0], [123.0, 697.0], [123.0, 708.0], [78.0, 708.0]]}, {'text': '2-3年周期4-6年周期7年以上周期', 'confidence': 0.9944084882736206, 'text_region': [[130.0, 696.0], [312.0, 696.0], [312.0, 709.0], [130.0, 709.0]]}]
