Page: 42, Bounding Box: [149, 391, 436, 530], Text: [{'text': '来源：中国信息通信研究院整理', 'confidence': 0.9984731078147888, 'text_region': [[349.0, 526.0], [496.0, 526.0], [496.0, 540.0], [349.0, 540.0]]}]
Page: 42, Bounding Box: [206, 549, 378, 561], Text: [{'text': '图5车联网数据的三次价值释放', 'confidence': 0.9995884895324707, 'text_region': [[205.0, 549.0], [380.0, 549.0], [380.0, 564.0], [205.0, 564.0]]}]
Page: 42, Bounding Box: [350, 527, 495, 537], Text: [{'text': '来源：中国信息通信研究院整理', 'confidence': 0.9984731078147888, 'text_region': [[349.0, 526.0], [496.0, 526.0], [496.0, 540.0], [349.0, 540.0]]}]
