Page: 42, Bounding Box: [31, 638, 512, 696], Text: [{'text': '中国CGT治疗投融资则集中体现为宽基市场应用和追求热点的市场导向逻辑。在以肿瘤治疗为主的免疫细胞', 'confidence': 0.9952756762504578, 'text_region': [[35.0, 638.0], [512.0, 638.0], [512.0, 651.0], [35.0, 651.0]]}, {'text': '体外基因治疗领域最为火热，投融资金额占比约为50%，其中，CAR-T疗法成熟度高成为最吸金赛道，占比约', 'confidence': 0.9851163029670715, 'text_region': [[35.0, 652.0], [512.0, 652.0], [512.0, 665.0], [35.0, 665.0]]}, {'text': '86%。但通用型CAR-T占比21.8%：NK占比约8.3%：iPSC来源细胞治疗占比约1.4%，通用型合计约占31.5%。目前', 'confidence': 0.9686493277549744, 'text_region': [[35.0, 668.0], [511.0, 668.0], [511.0, 681.0], [35.0, 681.0]]}, {'text': '中国自体细胞体外治疗是免疫细胞治疗领域的主要投资方向，免疫细胞治疗的应用空间仍待释放', 'confidence': 0.9991949796676636, 'text_region': [[35.0, 685.0], [458.0, 685.0], [458.0, 698.0], [35.0, 698.0]]}]
Page: 42, Bounding Box: [30, 602, 190, 611], Text: [{'text': '注：图中数据已将统计差异进行四含五入', 'confidence': 0.9704885482788086, 'text_region': [[30.0, 602.0], [193.0, 602.0], [193.0, 612.0], [30.0, 612.0]]}]
