Page: 58, Bounding Box: [104, 317, 487, 544], Text: [{'text': '600000', 'confidence': 0.9205665588378906, 'text_region': [[119.0, 324.0], [149.0, 327.0], [148.0, 342.0], [117.0, 339.0]]}, {'text': '500000', 'confidence': 0.973469078540802, 'text_region': [[119.0, 349.0], [148.0, 352.0], [147.0, 364.0], [118.0, 361.0]]}, {'text': '400000', 'confidence': 0.9994282722473145, 'text_region': [[121.0, 376.0], [149.0, 376.0], [149.0, 387.0], [121.0, 387.0]]}, {'text': '300000', 'confidence': 0.9995274543762207, 'text_region': [[119.0, 398.0], [148.0, 400.0], [147.0, 411.0], [118.0, 409.0]]}, {'text': '100000', 'confidence': 0.891930878162384, 'text_region': [[122.0, 449.0], [146.0, 449.0], [146.0, 457.0], [122.0, 457.0]]}, {'text': '■专利合计发明专利', 'confidence': 0.9560598731040955, 'text_region': [[247.0, 518.0], [344.0, 518.0], [344.0, 532.0], [247.0, 532.0]]}]
Page: 58, Bounding Box: [290, 545, 496, 557], Text: [{'text': '来源：中国信息通信研究院根据统计数据整理', 'confidence': 0.9953218698501587, 'text_region': [[290.0, 545.0], [499.0, 545.0], [499.0, 560.0], [290.0, 560.0]]}]
