Page: 23, Bounding Box: [150, 141, 576, 407], Text: [{'text': 'PCI', 'confidence': 0.9844176173210144, 'text_region': [[316.0, 151.0], [337.0, 151.0], [337.0, 162.0], [316.0, 162.0]]}, {'text': '1month', 'confidence': 0.9981227517127991, 'text_region': [[352.0, 151.0], [396.0, 151.0], [396.0, 162.0], [352.0, 162.0]]}, {'text': '12month', 'confidence': 0.9981212615966797, 'text_region': [[471.0, 151.0], [521.0, 151.0], [521.0, 162.0], [471.0, 162.0]]}, {'text': 'Non-indication of', 'confidence': 0.9964627623558044, 'text_region': [[188.0, 175.0], [276.0, 175.0], [276.0, 188.0], [188.0, 188.0]]}, {'text': 'chronic anticoagulation', 'confidence': 0.9600334763526917, 'text_region': [[189.0, 187.0], [307.0, 187.0], [307.0, 201.0], [189.0, 201.0]]}, {'text': 'High', 'confidence': 0.997046709060669, 'text_region': [[243.0, 243.0], [271.0, 243.0], [271.0, 256.0], [243.0, 256.0]]}, {'text': 'AC.', 'confidence': 0.7915663719177246, 'text_region': [[329.0, 241.0], [341.0, 241.0], [341.0, 248.0], [329.0, 248.0]]}, {'text': 'bleeding', 'confidence': 0.9665205478668213, 'text_region': [[243.0, 252.0], [288.0, 254.0], [288.0, 269.0], [242.0, 267.0]]}, {'text': 'risk', 'confidence': 0.9948810935020447, 'text_region': [[243.0, 267.0], [265.0, 267.0], [265.0, 279.0], [243.0, 279.0]]}, {'text': 'Indication of', 'confidence': 0.9870727062225342, 'text_region': [[189.0, 290.0], [252.0, 290.0], [252.0, 302.0], [189.0, 302.0]]}, {'text': 'chronic', 'confidence': 0.9933498501777649, 'text_region': [[189.0, 302.0], [229.0, 302.0], [229.0, 316.0], [189.0, 316.0]]}, {'text': 'anticoagulation', 'confidence': 0.9955552220344543, 'text_region': [[188.0, 315.0], [266.0, 315.0], [266.0, 328.0], [188.0, 328.0]]}, {'text': 'High', 'confidence': 0.9982830286026001, 'text_region': [[242.0, 338.0], [270.0, 340.0], [269.0, 356.0], [241.0, 353.0]]}, {'text': 'thrombotic', 'confidence': 0.9960867166519165, 'text_region': [[243.0, 353.0], [297.0, 353.0], [297.0, 364.0], [243.0, 364.0]]}, {'text': 'risk', 'confidence': 0.9918275475502014, 'text_region': [[243.0, 365.0], [265.0, 365.0], [265.0, 376.0], [243.0, 376.0]]}, {'text': '资未源 : {Angiography-derived physiology guidance vs usual care in an All-comers PCI', 'confidence': 0.9610208868980408, 'text_region': [[179.0, 396.0], [543.0, 396.0], [543.0, 410.0], [179.0, 410.0]]}]
Page: 23, Bounding Box: [178, 397, 532, 429], Text: [{'text': '资未源 : {Angiography-derived physiology guidance vs usual care in an All-comers PCI', 'confidence': 0.9610208868980408, 'text_region': [[179.0, 396.0], [543.0, 396.0], [543.0, 410.0], [179.0, 410.0]]}, {'text': 'population treated with the healing-targeted supreme stent and Ticagrelor monotherapy:', 'confidence': 0.9866712093353271, 'text_region': [[178.0, 408.0], [531.0, 408.0], [531.0, 421.0], [178.0, 421.0]]}, {'text': 'PIONEER IV trial design3 , American Heart Jounal, Hironori Hara 等, 华源证参研完', 'confidence': 0.9474688172340393, 'text_region': [[178.0, 418.0], [529.0, 418.0], [529.0, 432.0], [178.0, 432.0]]}]
