Page: 35, Bounding Box: [178, 91, 517, 253], Text: [{'text': '83.1%', 'confidence': 0.9972749948501587, 'text_region': [[233.0, 138.0], [258.0, 138.0], [258.0, 149.0], [233.0, 149.0]]}, {'text': '0.9%', 'confidence': 0.9394210577011108, 'text_region': [[318.0, 134.0], [337.0, 134.0], [337.0, 146.0], [318.0, 146.0]]}, {'text': '2.5%', 'confidence': 0.994171142578125, 'text_region': [[355.0, 147.0], [375.0, 147.0], [375.0, 155.0], [355.0, 155.0]]}, {'text': '1.9% ', 'confidence': 0.9081576466560364, 'text_region': [[316.0, 157.0], [338.0, 157.0], [338.0, 168.0], [316.0, 168.0]]}, {'text': '3.6%', 'confidence': 0.998784065246582, 'text_region': [[359.0, 167.0], [380.0, 167.0], [380.0, 178.0], [359.0, 178.0]]}, {'text': '水泥', 'confidence': 0.9977482557296753, 'text_region': [[214.0, 208.0], [244.0, 208.0], [244.0, 222.0], [214.0, 222.0]]}, {'text': '石灰石膏', 'confidence': 0.9994337558746338, 'text_region': [[280.0, 210.0], [324.0, 210.0], [324.0, 221.0], [280.0, 221.0]]}, {'text': '回墙体材料', 'confidence': 0.8592410087585449, 'text_region': [[344.0, 208.0], [399.0, 208.0], [399.0, 222.0], [344.0, 222.0]]}, {'text': '建筑卫生陶瓷建筑玻璃', 'confidence': 0.9975503087043762, 'text_region': [[214.0, 223.0], [327.0, 223.0], [327.0, 236.0], [214.0, 236.0]]}, {'text': '其他', 'confidence': 0.9992814064025879, 'text_region': [[343.0, 220.0], [378.0, 223.0], [377.0, 238.0], [342.0, 235.0]]}, {'text': '来源：中国建筑材料联合会', 'confidence': 0.9507879614830017, 'text_region': [[385.0, 252.0], [505.0, 252.0], [505.0, 267.0], [385.0, 267.0]]}]
Page: 35, Bounding Box: [229, 281, 365, 292], Text: [{'text': '图10建材行业碳排放结构', 'confidence': 0.9997408986091614, 'text_region': [[228.0, 281.0], [369.0, 281.0], [369.0, 295.0], [228.0, 295.0]]}]
