Page: 11, Bounding Box: [130, 230, 477, 463], Text: [{'text': '全国县（市）和市辖区数量变化（1999年以', 'confidence': 0.9414686560630798, 'text_region': [[221.0, 237.0], [359.0, 237.0], [359.0, 250.0], [221.0, 250.0]]}]
Page: 11, Bounding Box: [264, 468, 477, 480], Text: [{'text': '来源：中国信息通信研究院根据民政部统计数据整理', 'confidence': 0.9985323548316956, 'text_region': [[264.0, 468.0], [505.0, 468.0], [505.0, 482.0], [264.0, 482.0]]}]
