Page: 17, Bounding Box: [25, 159, 487, 369], Text: [{'text': '【图2.12】患者援助类项目捐赠价值按覆盖病种划分（2016Vs2020）', 'confidence': 0.9685769081115723, 'text_region': [[32.0, 161.0], [320.0, 161.0], [320.0, 174.0], [32.0, 174.0]]}, {'text': '2.0% 1.0%', 'confidence': 0.952911376953125, 'text_region': [[101.0, 182.0], [146.0, 182.0], [146.0, 192.0], [101.0, 192.0]]}, {'text': '4.09% 1.0% 1,.0%', 'confidence': 0.8989167809486389, 'text_region': [[315.0, 183.0], [378.0, 177.0], [380.0, 193.0], [317.0, 199.0]]}, {'text': '5.09%', 'confidence': 0.9099054336547852, 'text_region': [[300.0, 196.0], [319.0, 196.0], [319.0, 204.0], [300.0, 204.0]]}, {'text': '5.0%', 'confidence': 0.9995609521865845, 'text_region': [[282.0, 209.0], [303.0, 209.0], [303.0, 221.0], [282.0, 221.0]]}, {'text': '29.0%', 'confidence': 0.9995547533035278, 'text_region': [[40.0, 220.0], [65.0, 220.0], [65.0, 231.0], [40.0, 231.0]]}, {'text': '2016', 'confidence': 0.9999114871025085, 'text_region': [[108.0, 254.0], [153.0, 254.0], [153.0, 272.0], [108.0, 272.0]]}, {'text': '2020', 'confidence': 0.9995676279067993, 'text_region': [[337.0, 254.0], [382.0, 254.0], [382.0, 272.0], [337.0, 272.0]]}, {'text': '67.0%', 'confidence': 0.9997049570083618, 'text_region': [[159.0, 328.0], [186.0, 328.0], [186.0, 339.0], [159.0, 339.0]]}, {'text': '32.0%', 'confidence': 0.9985666275024414, 'text_region': [[304.0, 327.0], [331.0, 327.0], [331.0, 340.0], [304.0, 340.0]]}, {'text': '56.0%', 'confidence': 0.9998663067817688, 'text_region': [[392.0, 328.0], [419.0, 328.0], [419.0, 339.0], [392.0, 339.0]]}, {'text': '恶性肿瘤', 'confidence': 0.981317937374115, 'text_region': [[36.0, 355.0], [83.0, 355.0], [83.0, 366.0], [36.0, 366.0]]}, {'text': '白血病', 'confidence': 0.9978248476982117, 'text_region': [[79.0, 355.0], [125.0, 355.0], [125.0, 366.0], [79.0, 366.0]]}, {'text': '■罕见病症', 'confidence': 0.8914076685905457, 'text_region': [[134.0, 355.0], [178.0, 355.0], [178.0, 366.0], [134.0, 366.0]]}, {'text': '心脑血管疾病', 'confidence': 0.9970727562904358, 'text_region': [[185.0, 355.0], [246.0, 355.0], [246.0, 366.0], [185.0, 366.0]]}, {'text': '慢性病', 'confidence': 0.992224931716919, 'text_region': [[251.0, 355.0], [291.0, 355.0], [291.0, 366.0], [251.0, 366.0]]}, {'text': '传染病', 'confidence': 0.988395631313324, 'text_region': [[298.0, 355.0], [336.0, 355.0], [336.0, 366.0], [298.0, 366.0]]}, {'text': '其他', 'confidence': 0.9994987845420837, 'text_region': [[334.0, 356.0], [372.0, 356.0], [372.0, 366.0], [334.0, 366.0]]}]
Page: 17, Bounding Box: [16, 446, 535, 806], Text: []
Page: 17, Bounding Box: [34, 383, 286, 403], Text: [{'text': '注：此处恶性肿瘤指除白血病以外的恶性肿瘤', 'confidence': 0.9231497049331665, 'text_region': [[32.0, 381.0], [174.0, 381.0], [174.0, 394.0], [32.0, 394.0]]}, {'text': '数据来源：各大基金会年度被露数据，基金会中心网及行业专家访谈信息墓理与分析', 'confidence': 0.935133159160614, 'text_region': [[33.0, 393.0], [287.0, 393.0], [287.0, 406.0], [33.0, 406.0]]}]
