Page: 27, Bounding Box: [475, 0, 791, 127], Text: []
Page: 27, Bounding Box: [413, 154, 777, 528], Text: [{'text': '尽管自去年的调研以来压力水平略有下降，但Z世代和干禧一代的压力水平仍然很高，40%的Z世代和35%的干', 'confidence': 0.9628785252571106, 'text_region': [[36.0, 157.0], [480.0, 157.0], [480.0, 170.0], [36.0, 170.0]]}, {'text': '禧一代表示他们在所有或大部分时间都感到压力。然而总体上有一些积极的迹象表明，心理健康状况可能正在改', 'confidence': 0.9939393997192383, 'text_region': [[35.0, 171.0], [491.0, 171.0], [491.0, 184.0], [35.0, 184.0]]}, {'text': '表示在所有或大部分时间都感到压力', 'confidence': 0.99920654296875, 'text_region': [[568.0, 174.0], [724.0, 174.0], [724.0, 187.0], [568.0, 187.0]]}, {'text': '善——近四成的Z世代（39%)和干禧一代（37%）表示，他们的心理健康状况在过去一年有所改善，只有18%的乙世', 'confidence': 0.9144909977912903, 'text_region': [[35.0, 185.0], [498.0, 185.0], [498.0, 198.0], [35.0, 198.0]]}, {'text': '或焦虑的百分比', 'confidence': 0.9731234908103943, 'text_region': [[611.0, 187.0], [679.0, 187.0], [679.0, 198.0], [611.0, 198.0]]}, {'text': '代和17%的干禧一代报告称，他们的精神健康状况在同一时期有所恶化。然而，考虑到只有约一半的乙世代（51%）', 'confidence': 0.9564704298973083, 'text_region': [[36.0, 198.0], [492.0, 198.0], [492.0, 211.0], [36.0, 211.0]]}, {'text': 'Z世代', 'confidence': 0.9605754017829895, 'text_region': [[636.0, 213.0], [663.0, 213.0], [663.0, 226.0], [636.0, 226.0]]}, {'text': '2024', 'confidence': 0.9998820424079895, 'text_region': [[573.0, 244.0], [596.0, 244.0], [596.0, 256.0], [573.0, 256.0]]}, {'text': '40%', 'confidence': 0.9998673796653748, 'text_region': [[702.0, 244.0], [723.0, 244.0], [723.0, 256.0], [702.0, 256.0]]}, {'text': '2023', 'confidence': 0.9998191595077515, 'text_region': [[573.0, 271.0], [596.0, 271.0], [596.0, 282.0], [573.0, 282.0]]}, {'text': '46%', 'confidence': 0.833311140537262, 'text_region': [[714.0, 272.0], [734.0, 272.0], [734.0, 284.0], [714.0, 284.0]]}, {'text': '更好', 'confidence': 0.9990710616111755, 'text_region': [[411.0, 300.0], [431.0, 300.0], [431.0, 312.0], [411.0, 312.0]]}, {'text': '千禧一代', 'confidence': 0.9402775168418884, 'text_region': [[630.0, 305.0], [669.0, 305.0], [669.0, 319.0], [630.0, 319.0]]}, {'text': '千禧一代', 'confidence': 0.8562854528427124, 'text_region': [[437.0, 327.0], [473.0, 327.0], [473.0, 341.0], [437.0, 341.0]]}, {'text': '2024', 'confidence': 0.9998363256454468, 'text_region': [[573.0, 337.0], [596.0, 337.0], [596.0, 349.0], [573.0, 349.0]]}, {'text': '35%', 'confidence': 0.9997851848602295, 'text_region': [[690.0, 338.0], [709.0, 338.0], [709.0, 349.0], [690.0, 349.0]]}, {'text': '37%', 'confidence': 0.9996562600135803, 'text_region': [[443.0, 370.0], [472.0, 370.0], [472.0, 386.0], [443.0, 386.0]]}, {'text': '2023', 'confidence': 0.9998430013656616, 'text_region': [[573.0, 365.0], [596.0, 365.0], [596.0, 377.0], [573.0, 377.0]]}, {'text': '39%', 'confidence': 0.9870832562446594, 'text_region': [[699.0, 365.0], [719.0, 365.0], [719.0, 376.0], [699.0, 376.0]]}]
Page: 27, Bounding Box: [134, 275, 395, 284], Text: [{'text': '与12个月前相比，受访者如何评价他们目前的整体心理健康状况', 'confidence': 0.9928887486457825, 'text_region': [[133.0, 273.0], [397.0, 274.0], [397.0, 288.0], [133.0, 287.0]]}]
