Page: 34, Bounding Box: [82, 67, 509, 291], Text: [{'text': '81.6%', 'confidence': 0.995685875415802, 'text_region': [[166.0, 78.0], [189.0, 78.0], [189.0, 89.0], [166.0, 89.0]]}, {'text': '54.9%', 'confidence': 0.9996398687362671, 'text_region': [[221.0, 110.0], [246.0, 110.0], [246.0, 122.0], [221.0, 122.0]]}, {'text': '43.3%', 'confidence': 0.9996340870857239, 'text_region': [[277.0, 125.0], [302.0, 125.0], [302.0, 137.0], [277.0, 137.0]]}, {'text': '24.0%', 'confidence': 0.9992514848709106, 'text_region': [[334.0, 149.0], [358.0, 149.0], [358.0, 162.0], [334.0, 162.0]]}]
Page: 34, Bounding Box: [186, 296, 399, 307], Text: [{'text': '图3消费者向哪些组织进行过投诉或维权', 'confidence': 0.9976078867912292, 'text_region': [[185.0, 295.0], [405.0, 295.0], [405.0, 309.0], [185.0, 309.0]]}]
