Page: 37, Bounding Box: [109, 104, 508, 602], Text: {'cell_bbox': [[1.3046388626098633, 3.0373499393463135, 239.4287872314453, 3.2504382133483887, 239.46302795410156, 51.3059196472168, 1.266924262046814, 50.606163024902344], [7.161267280578613, 62.7473258972168, 394.2319641113281, 63.228816986083984, 394.2467956542969, 132.2489013671875, 7.124852657318115, 133.59417724609375], [2.8760135173797607, 124.09368896484375, 364.28076171875, 123.7026596069336, 364.1885070800781, 194.05926513671875, 2.8899919986724854, 195.39080810546875], [3.8170549869537354, 185.6468048095703, 396.37738037109375, 184.53372192382812, 396.3387451171875, 261.80572509765625, 3.781179428100586, 263.7839660644531], [2.6059696674346924, 256.0267333984375, 392.10675048828125, 255.3976287841797, 392.0748596191406, 373.56927490234375, 2.540862798690796, 373.2990417480469], [4.295409202575684, 329.65765380859375, 396.1545715332031, 321.808837890625, 396.0970764160156, 444.1922912597656, 4.105221748352051, 446.9119873046875]], 'html': '<html><body><table><tbody><tr><td>1．收集阶段：最小必要原则、个人信息主体自主意愿、明示告知、 获取个人信息主体授权同意等</td></tr><tr><td>2.存储阶段：最小化存储时间原则、去标识化、敏感个人信息加 密存储等</td></tr><tr><td>3.使用阶段：个性化展示、自动化决策等 4.加工阶段：保证个人信息不被无关的利益相关方获知、如实告</td></tr><tr><td>知个人信息主体对其个人信息的查询等 5.传输、提供和公开阶段：个人信息影响评估、明示告知、传输</td></tr><tr><td>前后对个人信息保护机制等 6.删除阶段：个人信息留存时间、删除方式等 “合规要求识别及落实 作为组织管理中披露率最低的信息 点（36.36%），该部分关 不在于企业所宣称的严格遵守合</td></tr><tr><td>规要求 及合规路径，缺乏具体措施和相关管理要</td></tr></tbody></table></body></html>'}
Page: 37, Bounding Box: [100, 617, 512, 741], Text: {'cell_bbox': [[3.109903573989868, 1.6993802785873413, 396.2158203125, 1.816617727279663, 396.19561767578125, 34.082401275634766, 2.984112501144409, 33.91831588745117], [7.961010456085205, 40.77424621582031, 406.66314697265625, 39.29424285888672, 406.77923583984375, 116.1806869506836, 8.009373664855957, 116.53883361816406]], 'html': '<html><body><table><tr><td>案例4:组织治理-合规要求识别及落实</td></tr><tr><td>1. 构建合规数据库：及时更新信息安全及隐私保护合规数据库； 建立隐私合规基线要求；制定隐私成熟度检查表 2. 落实合规要求：定期将合规监管风险点落实到企业数据隐私管</td></tr></table></body></html>'}
