Page: 7, Bounding Box: [84, 292, 508, 539], Text: [{'text': '欧盟', 'confidence': 0.9163119792938232, 'text_region': [[331.0, 490.0], [349.0, 490.0], [349.0, 503.0], [331.0, 503.0]]}, {'text': '美国', 'confidence': 0.8452934622764587, 'text_region': [[100.0, 516.0], [118.0, 516.0], [118.0, 527.0], [100.0, 527.0]]}, {'text': '日本', 'confidence': 0.995059072971344, 'text_region': [[331.0, 516.0], [349.0, 516.0], [349.0, 528.0], [331.0, 528.0]]}, {'text': '国', 'confidence': 0.5876243114471436, 'text_region': [[421.0, 516.0], [437.0, 516.0], [437.0, 527.0], [421.0, 527.0]]}, {'text': '英国', 'confidence': 0.9977996349334717, 'text_region': [[460.0, 516.0], [476.0, 516.0], [476.0, 527.0], [460.0, 527.0]]}, {'text': '加', 'confidence': 0.9646700620651245, 'text_region': [[491.0, 520.0], [500.0, 520.0], [500.0, 528.0], [491.0, 528.0]]}]
Page: 7, Bounding Box: [145, 545, 504, 581], Text: [{'text': '来源：NIH、NSF、European Comission.kaken等，中国信息通信研究院', 'confidence': 0.9707086682319641, 'text_region': [[174.0, 543.0], [506.0, 542.0], [506.0, 560.0], [175.0, 561.0]]}, {'text': '图1国外政府资助的脑机接口立项金额（2013-2022期间）', 'confidence': 0.9968425035476685, 'text_region': [[145.0, 569.0], [447.0, 569.0], [447.0, 582.0], [145.0, 582.0]]}]
