Page: 31, Bounding Box: [28, 524, 466, 747], Text: [{'text': '全民健康传播行动', 'confidence': 0.9723252058029175, 'text_region': [[189.0, 549.0], [255.0, 547.0], [255.0, 559.0], [189.0, 560.0]]}, {'text': '如何识别肝病', 'confidence': 0.9964181780815125, 'text_region': [[44.0, 561.0], [137.0, 561.0], [137.0, 578.0], [44.0, 578.0]]}, {'text': '大咖慢话治肝防癌', 'confidence': 0.9969350695610046, 'text_region': [[187.0, 561.0], [285.0, 561.0], [285.0, 574.0], [187.0, 574.0]]}, {'text': '病例讨', 'confidence': 0.7718740105628967, 'text_region': [[375.0, 559.0], [424.0, 562.0], [423.0, 576.0], [374.0, 574.0]]}, {'text': '高危预警信号？', 'confidence': 0.9919061064720154, 'text_region': [[46.0, 577.0], [145.0, 577.0], [145.0, 591.0], [46.0, 591.0]]}, {'text': '3.28 19:30', 'confidence': 0.9621785879135132, 'text_region': [[220.0, 575.0], [254.0, 575.0], [254.0, 586.0], [220.0, 586.0]]}, {'text': '20:00', 'confidence': 0.9844493865966797, 'text_region': [[321.0, 650.0], [359.0, 650.0], [359.0, 664.0], [321.0, 664.0]]}]
Page: 31, Bounding Box: [35, 756, 141, 763], Text: [{'text': '图片亲源：中国初级卫生保健基金会', 'confidence': 0.9164817333221436, 'text_region': [[32.0, 754.0], [144.0, 754.0], [144.0, 767.0], [32.0, 767.0]]}]
Page: 31, Bounding Box: [33, 506, 218, 515], Text: [{'text': '【图4.2】全面健康传播行动3场直播活动海报', 'confidence': 0.9855002760887146, 'text_region': [[31.0, 505.0], [221.0, 505.0], [221.0, 518.0], [31.0, 518.0]]}]
