Page: 22, Bounding Box: [85, 452, 485, 638], Text: [{'text': '60%', 'confidence': 0.9997841715812683, 'text_region': [[99.0, 456.0], [117.0, 456.0], [117.0, 470.0], [99.0, 470.0]]}, {'text': '50%', 'confidence': 0.9998834729194641, 'text_region': [[99.0, 476.0], [117.0, 476.0], [117.0, 489.0], [99.0, 489.0]]}, {'text': '40%', 'confidence': 0.9998445510864258, 'text_region': [[99.0, 495.0], [117.0, 495.0], [117.0, 508.0], [99.0, 508.0]]}, {'text': '30%', 'confidence': 0.9995748996734619, 'text_region': [[99.0, 514.0], [117.0, 514.0], [117.0, 526.0], [99.0, 526.0]]}, {'text': '20%', 'confidence': 0.999656617641449, 'text_region': [[99.0, 532.0], [117.0, 532.0], [117.0, 545.0], [99.0, 545.0]]}, {'text': '10%', 'confidence': 0.811267077922821, 'text_region': [[100.0, 552.0], [117.0, 552.0], [117.0, 565.0], [100.0, 565.0]]}, {'text': '0%', 'confidence': 0.9981383085250854, 'text_region': [[102.0, 571.0], [117.0, 571.0], [117.0, 584.0], [102.0, 584.0]]}, {'text': '2020年', 'confidence': 0.9933257102966309, 'text_region': [[168.0, 578.0], [195.0, 580.0], [194.0, 592.0], [167.0, 590.0]]}, {'text': '-10%', 'confidence': 0.8807604908943176, 'text_region': [[97.0, 589.0], [118.0, 589.0], [118.0, 603.0], [97.0, 603.0]]}, {'text': '2021年', 'confidence': 0.9995549917221069, 'text_region': [[295.0, 580.0], [323.0, 580.0], [323.0, 593.0], [295.0, 593.0]]}, {'text': '2022年', 'confidence': 0.9992154240608215, 'text_region': [[420.0, 580.0], [445.0, 580.0], [445.0, 591.0], [420.0, 591.0]]}, {'text': '中国工商银行', 'confidence': 0.9966874122619629, 'text_region': [[185.0, 608.0], [240.0, 608.0], [240.0, 619.0], [185.0, 619.0]]}, {'text': '中国农业银行', 'confidence': 0.9990881085395813, 'text_region': [[268.0, 608.0], [327.0, 608.0], [327.0, 619.0], [268.0, 619.0]]}, {'text': '中国银行', 'confidence': 0.9988287091255188, 'text_region': [[350.0, 608.0], [398.0, 608.0], [398.0, 619.0], [350.0, 619.0]]}, {'text': '中国建设银行', 'confidence': 0.9900551438331604, 'text_region': [[193.0, 620.0], [240.0, 620.0], [240.0, 632.0], [193.0, 632.0]]}, {'text': '中国邮政健蓄银行', 'confidence': 0.8853516578674316, 'text_region': [[342.0, 619.0], [428.0, 618.0], [428.0, 632.0], [342.0, 634.0]]}]
Page: 22, Bounding Box: [116, 649, 407, 662], Text: [{'text': '图4近三年国有六大行科技投入增速对比', 'confidence': 0.9968191981315613, 'text_region': [[185.0, 650.0], [408.0, 650.0], [408.0, 664.0], [185.0, 664.0]]}]
