Page: 26, Bounding Box: [81, 72, 514, 327], Text: [{'text': '广东省', 'confidence': 0.9999240040779114, 'text_region': [[124.0, 93.0], [161.0, 93.0], [161.0, 107.0], [124.0, 107.0]]}, {'text': '江苏省', 'confidence': 0.9999720454216003, 'text_region': [[125.0, 113.0], [160.0, 113.0], [160.0, 127.0], [125.0, 127.0]]}, {'text': '上海市', 'confidence': 0.999922513961792, 'text_region': [[125.0, 132.0], [160.0, 132.0], [160.0, 147.0], [125.0, 147.0]]}, {'text': '河北省', 'confidence': 0.9998871684074402, 'text_region': [[125.0, 153.0], [160.0, 153.0], [160.0, 167.0], [125.0, 167.0]]}, {'text': '北京市', 'confidence': 0.9999125599861145, 'text_region': [[125.0, 173.0], [160.0, 173.0], [160.0, 187.0], [125.0, 187.0]]}, {'text': '浙江省', 'confidence': 0.9999939799308777, 'text_region': [[125.0, 192.0], [160.0, 192.0], [160.0, 207.0], [125.0, 207.0]]}, {'text': '贵州省', 'confidence': 0.9998970031738281, 'text_region': [[125.0, 212.0], [160.0, 212.0], [160.0, 226.0], [125.0, 226.0]]}, {'text': '山东省', 'confidence': 0.9998900294303894, 'text_region': [[125.0, 231.0], [160.0, 231.0], [160.0, 246.0], [125.0, 246.0]]}, {'text': '甘肃省', 'confidence': 0.9998469352722168, 'text_region': [[125.0, 251.0], [159.0, 251.0], [159.0, 266.0], [125.0, 266.0]]}, {'text': '内蒙古自治区', 'confidence': 0.9993295073509216, 'text_region': [[95.0, 272.0], [161.0, 272.0], [161.0, 286.0], [95.0, 286.0]]}, {'text': '20.0', 'confidence': 0.999334454536438, 'text_region': [[153.0, 295.0], [175.0, 295.0], [175.0, 307.0], [153.0, 307.0]]}, {'text': '30.0', 'confidence': 0.9992423057556152, 'text_region': [[207.0, 295.0], [229.0, 295.0], [229.0, 307.0], [207.0, 307.0]]}, {'text': '40.0', 'confidence': 0.9987854957580566, 'text_region': [[261.0, 295.0], [284.0, 295.0], [284.0, 307.0], [261.0, 307.0]]}, {'text': '50.0', 'confidence': 0.9987130165100098, 'text_region': [[316.0, 295.0], [338.0, 295.0], [338.0, 307.0], [316.0, 307.0]]}, {'text': '60.0', 'confidence': 0.9967021346092224, 'text_region': [[369.0, 295.0], [392.0, 295.0], [392.0, 307.0], [369.0, 307.0]]}, {'text': '70.0', 'confidence': 0.9994767904281616, 'text_region': [[423.0, 293.0], [448.0, 293.0], [448.0, 308.0], [423.0, 308.0]]}, {'text': '80.0', 'confidence': 0.9987977743148804, 'text_region': [[478.0, 296.0], [501.0, 296.0], [501.0, 307.0], [478.0, 307.0]]}, {'text': '来源：中国信通院', 'confidence': 0.9998441934585571, 'text_region': [[404.0, 323.0], [501.0, 323.0], [501.0, 337.0], [404.0, 337.0]]}]
Page: 26, Bounding Box: [201, 338, 383, 351], Text: [{'text': '图11存力规模评价结果Top10省份', 'confidence': 0.9672494530677795, 'text_region': [[200.0, 338.0], [388.0, 338.0], [388.0, 352.0], [200.0, 352.0]]}]
