Page: 30, Bounding Box: [143, 259, 464, 523], Text: [{'text': '来源：中国信息通信研究院根据统计数据整理', 'confidence': 0.997728168964386, 'text_region': [[289.0, 514.0], [500.0, 514.0], [500.0, 528.0], [289.0, 528.0]]}]
Page: 30, Bounding Box: [137, 537, 498, 549], Text: [{'text': '图112023年工业百强县（市）城市群和都市圈分布示意图4', 'confidence': 0.9878592491149902, 'text_region': [[137.0, 536.0], [454.0, 536.0], [454.0, 550.0], [137.0, 550.0]]}]
