Page: 27, Bounding Box: [85, 383, 510, 663], Text: [{'text': '■东部中部', 'confidence': 0.9483296275138855, 'text_region': [[240.0, 638.0], [301.0, 638.0], [301.0, 648.0], [240.0, 648.0]]}, {'text': '西部东北', 'confidence': 0.9964580535888672, 'text_region': [[298.0, 638.0], [359.0, 638.0], [359.0, 649.0], [298.0, 649.0]]}]
Page: 27, Bounding Box: [139, 80, 488, 322], Text: [{'text': '单位：个', 'confidence': 0.98590487241745, 'text_region': [[160.0, 82.0], [189.0, 82.0], [189.0, 93.0], [160.0, 93.0]]}, {'text': '2019', 'confidence': 0.9996863007545471, 'text_region': [[160.0, 113.0], [178.0, 113.0], [178.0, 124.0], [160.0, 124.0]]}, {'text': '17', 'confidence': 0.9984034299850464, 'text_region': [[367.0, 114.0], [377.0, 114.0], [377.0, 121.0], [367.0, 121.0]]}, {'text': '2020', 'confidence': 0.9992839097976685, 'text_region': [[161.0, 150.0], [178.0, 150.0], [178.0, 162.0], [161.0, 162.0]]}, {'text': '2021', 'confidence': 0.9996519088745117, 'text_region': [[160.0, 188.0], [178.0, 188.0], [178.0, 199.0], [160.0, 199.0]]}, {'text': '2022', 'confidence': 0.9987756609916687, 'text_region': [[161.0, 225.0], [178.0, 225.0], [178.0, 236.0], [161.0, 236.0]]}, {'text': '2025', 'confidence': 0.9911105632781982, 'text_region': [[161.0, 263.0], [178.0, 263.0], [178.0, 274.0], [161.0, 274.0]]}, {'text': '20', 'confidence': 0.9994372129440308, 'text_region': [[224.0, 292.0], [232.0, 292.0], [232.0, 300.0], [224.0, 300.0]]}, {'text': '40', 'confidence': 0.9631147384643555, 'text_region': [[271.0, 293.0], [279.0, 293.0], [279.0, 299.0], [271.0, 299.0]]}, {'text': '100', 'confidence': 0.9996026158332825, 'text_region': [[406.0, 291.0], [419.0, 291.0], [419.0, 299.0], [406.0, 299.0]]}, {'text': '东部地区', 'confidence': 0.9450302720069885, 'text_region': [[221.0, 302.0], [249.0, 302.0], [249.0, 312.0], [221.0, 312.0]]}, {'text': '中部地区', 'confidence': 0.9807236194610596, 'text_region': [[256.0, 303.0], [296.0, 303.0], [296.0, 313.0], [256.0, 313.0]]}]
Page: 27, Bounding Box: [146, 670, 504, 704], Text: [{'text': '来源：中国信息通信研究院根据统计数据整理', 'confidence': 0.9975444674491882, 'text_region': [[295.0, 669.0], [507.0, 669.0], [507.0, 682.0], [295.0, 682.0]]}, {'text': '图92023年中国工业百强县（市）板块-省-市分布树状图', 'confidence': 0.9943932890892029, 'text_region': [[146.0, 692.0], [450.0, 692.0], [450.0, 706.0], [146.0, 706.0]]}]
Page: 27, Bounding Box: [110, 327, 505, 363], Text: [{'text': '来源：中国信息通信研究院根据统计数据整理', 'confidence': 0.982342541217804, 'text_region': [[296.0, 326.0], [506.0, 326.0], [506.0, 340.0], [296.0, 340.0]]}, {'text': '图8我国四大板块工业百强县（市）数量分布变化图（2019-2023年）', 'confidence': 0.9978905916213989, 'text_region': [[111.0, 349.0], [480.0, 349.0], [480.0, 364.0], [111.0, 364.0]]}]
