Page: 25, Bounding Box: [133, 72, 494, 362], Text: [{'text': '一般公共预算收入', 'confidence': 0.9629989862442017, 'text_region': [[308.0, 82.0], [364.0, 98.0], [360.0, 112.0], [304.0, 96.0]]}, {'text': '规上利润总额', 'confidence': 0.812892735004425, 'text_region': [[234.0, 97.0], [279.0, 83.0], [283.0, 97.0], [238.0, 111.0]]}, {'text': '17.37%', 'confidence': 0.9873342514038086, 'text_region': [[252.0, 114.0], [276.0, 106.0], [280.0, 117.0], [255.0, 125.0]]}, {'text': '14.05%', 'confidence': 0.9943912029266357, 'text_region': [[258.0, 289.0], [283.0, 297.0], [279.0, 308.0], [254.0, 300.0]]}, {'text': '出口总额', 'confidence': 0.9917620420455933, 'text_region': [[244.0, 319.0], [277.0, 328.0], [274.0, 343.0], [240.0, 334.0]]}, {'text': 'RD支出', 'confidence': 0.8364337682723999, 'text_region': [[314.0, 328.0], [350.0, 320.0], [353.0, 334.0], [316.0, 342.0]]}, {'text': '来源：中国信息通信研究院根据统计数据整理', 'confidence': 0.9883519411087036, 'text_region': [[291.0, 357.0], [507.0, 355.0], [507.0, 373.0], [291.0, 374.0]]}]
Page: 25, Bounding Box: [147, 358, 504, 394], Text: [{'text': '来源：中国信息通信研究院根据统计数据整理', 'confidence': 0.9883519411087036, 'text_region': [[291.0, 357.0], [507.0, 355.0], [507.0, 373.0], [291.0, 374.0]]}, {'text': '图62023年中国工业百强县（市）主要指标占全国比重图', 'confidence': 0.998604953289032, 'text_region': [[145.0, 382.0], [452.0, 382.0], [452.0, 395.0], [145.0, 395.0]]}]
