Page: 20, Bounding Box: [86, 68, 504, 292], Text: [{'text': '22.15%', 'confidence': 0.9997472763061523, 'text_region': [[218.0, 98.0], [246.0, 98.0], [246.0, 109.0], [218.0, 109.0]]}, {'text': '25.00%', 'confidence': 0.9995751976966858, 'text_region': [[347.0, 101.0], [378.0, 101.0], [378.0, 115.0], [347.0, 115.0]]}, {'text': '6.43%', 'confidence': 0.9996231198310852, 'text_region': [[187.0, 166.0], [213.0, 166.0], [213.0, 178.0], [187.0, 178.0]]}, {'text': '9.67%', 'confidence': 0.9993354678153992, 'text_region': [[201.0, 206.0], [225.0, 206.0], [225.0, 218.0], [201.0, 218.0]]}, {'text': '16.29%', 'confidence': 0.9455137252807617, 'text_region': [[365.0, 202.0], [404.0, 207.0], [403.0, 221.0], [363.0, 216.0]]}, {'text': '10.13%', 'confidence': 0.9995608925819397, 'text_region': [[241.0, 242.0], [271.0, 242.0], [271.0, 254.0], [241.0, 254.0]]}, {'text': '10.33%', 'confidence': 0.9948112964630127, 'text_region': [[301.0, 245.0], [331.0, 245.0], [331.0, 260.0], [301.0, 260.0]]}, {'text': '■阿里云天翼云移动云华为云腾讯云', 'confidence': 0.9800730347633362, 'text_region': [[148.0, 267.0], [375.0, 268.0], [375.0, 282.0], [148.0, 281.0]]}, {'text': '联通云其他', 'confidence': 0.9672271013259888, 'text_region': [[369.0, 265.0], [439.0, 269.0], [439.0, 283.0], [368.0, 280.0]]}]
Page: 20, Bounding Box: [185, 296, 497, 332], Text: [{'text': '来源：中国信息通信研究院，2023年5月', 'confidence': 0.9959183931350708, 'text_region': [[307.0, 295.0], [498.0, 295.0], [498.0, 309.0], [307.0, 309.0]]}, {'text': '图62022年中国公有云IaaS厂商市场占比', 'confidence': 0.9925884008407593, 'text_region': [[184.0, 319.0], [407.0, 319.0], [407.0, 333.0], [184.0, 333.0]]}]
