Page: 24, Bounding Box: [3, 463, 570, 837], Text: [{'text': '从数据上看：', 'confidence': 0.9919548034667969, 'text_region': [[122.0, 499.0], [179.0, 499.0], [179.0, 513.0], [122.0, 513.0]]}, {'text': '英国拟于2024和2025年投入8.45亿英镜用于改善成年人获取社会照护的途径', 'confidence': 0.9804843068122864, 'text_region': [[127.0, 528.0], [446.0, 528.0], [446.0, 542.0], [127.0, 542.0]]}, {'text': '到2030年，美国需要新增130万直接护理人员，以满足老年人群和残疾人群的医疗需求', 'confidence': 0.9972262382507324, 'text_region': [[126.0, 567.0], [484.0, 567.0], [484.0, 580.0], [126.0, 580.0]]}, {'text': '加拿大政府就未能向原住民保留儿童福利服务提供充足的资金，向受影响的30多万原住民儿童及其', 'confidence': 0.9941315054893494, 'text_region': [[126.0, 597.0], [532.0, 598.0], [532.0, 612.0], [126.0, 611.0]]}, {'text': '家庭达成一项价值230亿加元的赔偿和解协议', 'confidence': 0.9982907176017761, 'text_region': [[126.0, 610.0], [321.0, 610.0], [321.0, 624.0], [126.0, 624.0]]}, {'text': '法国综合社会福利支出占GDP的比重达31.6%，在OECD所有成员国中领先', 'confidence': 0.9949824213981628, 'text_region': [[126.0, 648.0], [433.0, 648.0], [433.0, 662.0], [126.0, 662.0]]}, {'text': '2022年，OECD成员国平均公共社会支出占GDP的比重为21%', 'confidence': 0.989652693271637, 'text_region': [[126.0, 691.0], [381.0, 691.0], [381.0, 704.0], [126.0, 704.0]]}]
Page: 24, Bounding Box: [0, 0, 596, 346], Text: []
Page: 24, Bounding Box: [67, 371, 299, 400], Text: [{'text': '发挥社会照护作用', 'confidence': 0.9979058504104614, 'text_region': [[68.0, 373.0], [298.0, 373.0], [298.0, 401.0], [68.0, 401.0]]}]
