Page: 0, Bounding Box: [10, 8, 560, 639], Text: [{'text': 'Deloitte', 'confidence': 0.9957859516143799, 'text_region': [[40.0, 51.0], [169.0, 54.0], [169.0, 81.0], [39.0, 79.0]]}, {'text': 'Insights', 'confidence': 0.9870284795761108, 'text_region': [[39.0, 85.0], [139.0, 85.0], [139.0, 114.0], [39.0, 114.0]]}]
Page: 0, Bounding Box: [39, 656, 446, 745], Text: [{'text': '2021年全球医疗行业展望', 'confidence': 0.9968637228012085, 'text_region': [[41.0, 656.0], [443.0, 659.0], [443.0, 690.0], [41.0, 687.0]]}, {'text': '加速行业变革', 'confidence': 0.9997777938842773, 'text_region': [[41.0, 699.0], [160.0, 699.0], [160.0, 720.0], [41.0, 720.0]]}, {'text': '报告节选', 'confidence': 0.999794065952301, 'text_region': [[38.0, 734.0], [122.0, 734.0], [122.0, 757.0], [38.0, 757.0]]}]
