Page: 46, Bounding Box: [82, 73, 512, 338], Text: [{'text': '160', 'confidence': 0.989992618560791, 'text_region': [[96.0, 82.0], [108.0, 82.0], [108.0, 91.0], [96.0, 91.0]]}, {'text': '140', 'confidence': 0.9987708926200867, 'text_region': [[97.0, 107.0], [108.0, 107.0], [108.0, 116.0], [97.0, 116.0]]}, {'text': '120', 'confidence': 0.9980478286743164, 'text_region': [[97.0, 131.0], [109.0, 131.0], [109.0, 140.0], [97.0, 140.0]]}, {'text': '100', 'confidence': 0.9913075566291809, 'text_region': [[98.0, 156.0], [108.0, 156.0], [108.0, 166.0], [98.0, 166.0]]}, {'text': '来源：中国信息通信研究院', 'confidence': 0.9836530089378357, 'text_region': [[378.0, 325.0], [505.0, 326.0], [505.0, 340.0], [378.0, 339.0]]}]
Page: 46, Bounding Box: [184, 350, 410, 363], Text: [{'text': '图202022年中国部分省份算力应用分指数', 'confidence': 0.9997398853302002, 'text_region': [[182.0, 347.0], [412.0, 348.0], [412.0, 366.0], [182.0, 365.0]]}]
