Page: 9, Bounding Box: [11, 131, 114, 218], Text: [{'text': 'McKinsey Insights App', 'confidence': 0.9793726801872253, 'text_region': [[5.0, 115.0], [108.0, 119.0], [107.0, 133.0], [5.0, 129.0]]}, {'text': '口', 'confidence': 0.5038356781005859, 'text_region': [[20.0, 201.0], [31.0, 201.0], [31.0, 209.0], [20.0, 209.0]]}]
Page: 9, Bounding Box: [6, 106, 110, 129], Text: [{'text': 'McKinsey Insights App', 'confidence': 0.9793726801872253, 'text_region': [[5.0, 115.0], [108.0, 119.0], [107.0, 133.0], [5.0, 129.0]]}, {'text': 'Firnd mz', 'confidence': 0.8665153980255127, 'text_region': [[12.0, 110.0], [33.0, 110.0], [33.0, 117.0], [12.0, 117.0]]}]
