Page: 23, Bounding Box: [117, 445, 501, 659], Text: [{'text': '100000', 'confidence': 0.9900273680686951, 'text_region': [[152.0, 458.0], [177.0, 458.0], [177.0, 471.0], [152.0, 471.0]]}, {'text': '90000', 'confidence': 0.9994300007820129, 'text_region': [[154.0, 474.0], [178.0, 474.0], [178.0, 486.0], [154.0, 486.0]]}, {'text': '86588', 'confidence': 0.9987015724182129, 'text_region': [[417.0, 469.0], [438.0, 469.0], [438.0, 480.0], [417.0, 480.0]]}, {'text': '80000', 'confidence': 0.9987456202507019, 'text_region': [[154.0, 487.0], [178.0, 490.0], [177.0, 502.0], [153.0, 500.0]]}, {'text': '70000', 'confidence': 0.9602408409118652, 'text_region': [[154.0, 504.0], [176.0, 504.0], [176.0, 516.0], [154.0, 516.0]]}, {'text': '5000', 'confidence': 0.8932780027389526, 'text_region': [[156.0, 522.0], [174.0, 522.0], [174.0, 530.0], [156.0, 530.0]]}, {'text': '1000', 'confidence': 0.9772334098815918, 'text_region': [[157.0, 552.0], [172.0, 552.0], [172.0, 560.0], [157.0, 560.0]]}, {'text': '28104', 'confidence': 0.9869787096977234, 'text_region': [[277.0, 560.0], [298.0, 560.0], [298.0, 568.0], [277.0, 568.0]]}, {'text': '20000', 'confidence': 0.9689995646476746, 'text_region': [[156.0, 580.0], [176.0, 580.0], [176.0, 591.0], [156.0, 591.0]]}, {'text': '000', 'confidence': 0.974452018737793, 'text_region': [[158.0, 598.0], [174.0, 598.0], [174.0, 606.0], [158.0, 606.0]]}, {'text': '2021年', 'confidence': 0.999499499797821, 'text_region': [[274.0, 623.0], [300.0, 623.0], [300.0, 635.0], [274.0, 635.0]]}, {'text': '2022年', 'confidence': 0.9998213052749634, 'text_region': [[344.0, 623.0], [371.0, 623.0], [371.0, 635.0], [344.0, 635.0]]}, {'text': '2023年', 'confidence': 0.999736487865448, 'text_region': [[413.0, 623.0], [440.0, 623.0], [440.0, 635.0], [413.0, 635.0]]}, {'text': '来源：中国信息通信研究院', 'confidence': 0.9950478672981262, 'text_region': [[379.0, 656.0], [505.0, 656.0], [505.0, 669.0], [379.0, 669.0]]}]
Page: 23, Bounding Box: [108, 678, 485, 691], Text: [{'text': '图42020年至2023年国内典型区块链产品CTPS性能平均值', 'confidence': 0.998877227306366, 'text_region': [[137.0, 679.0], [457.0, 679.0], [457.0, 693.0], [137.0, 693.0]]}]
