Page: 2, Bounding Box: [0, 0, 309, 264], Text: [{'text': '简介', 'confidence': 0.9970033168792725, 'text_region': [[227.0, 68.0], [304.0, 71.0], [303.0, 118.0], [225.0, 115.0]]}]
Page: 2, Bounding Box: [56, 663, 594, 839], Text: [{'text': '1.', 'confidence': 0.7388245463371277, 'text_region': [[65.0, 767.0], [70.0, 767.0], [70.0, 772.0], [65.0, 772.0]]}, {'text': 'Jay Bhatt, *Leaning into health equity can be good for business andl society"”', 'confidence': 0.939923882484436, 'text_region': [[74.0, 763.0], [319.0, 763.0], [319.0, 776.0], [74.0, 776.0]]}, {'text': 'blog/2023/leaning-into-health-equity-can-be-good-for-business-and-society.html.', 'confidence': 0.9737117886543274, 'text_region': [[76.0, 783.0], [340.0, 783.0], [340.0, 796.0], [76.0, 796.0]]}, {'text': 'Deloltte Heath Forward Blog, August 10, 2023, https:/www2.deloitte.com/us/en/blog/heath-care', 'confidence': 0.9332625269889832, 'text_region': [[77.0, 774.0], [389.0, 774.0], [389.0, 787.0], [77.0, 787.0]]}, {'text': '+', 'confidence': 0.673786997795105, 'text_region': [[534.0, 807.0], [544.0, 807.0], [544.0, 816.0], [534.0, 816.0]]}]
