Page: 19, Bounding Box: [118, 135, 504, 248], Text: [{'text': '所老都快票', 'confidence': 0.5257769823074341, 'text_region': [[159.0, 220.0], [189.0, 220.0], [189.0, 230.0], [159.0, 230.0]]}, {'text': '所老都未披露', 'confidence': 0.6036495566368103, 'text_region': [[244.0, 220.0], [284.0, 220.0], [284.0, 230.0], [244.0, 230.0]]}, {'text': '仅被露利些相关方海', 'confidence': 0.6552760601043701, 'text_region': [[321.0, 220.0], [379.0, 220.0], [379.0, 230.0], [321.0, 230.0]]}, {'text': '2019 =2020 2021 2022', 'confidence': 0.8210362195968628, 'text_region': [[266.0, 231.0], [354.0, 231.0], [354.0, 244.0], [266.0, 244.0]]}]
Page: 19, Bounding Box: [115, 268, 502, 296], Text: [{'text': '图22019-2022年互联网企业可持续发展/社会责任/ESG报告利益相关方沟', 'confidence': 0.9929683208465576, 'text_region': [[115.0, 268.0], [502.0, 268.0], [502.0, 282.0], [115.0, 282.0]]}, {'text': '通和实质性议题分析披露占比', 'confidence': 0.9990227818489075, 'text_region': [[230.0, 284.0], [388.0, 284.0], [388.0, 299.0], [230.0, 299.0]]}]
