Page: 30, Bounding Box: [146, 322, 473, 524], Text: []
Page: 30, Bounding Box: [145, 76, 507, 268], Text: []
Page: 30, Bounding Box: [256, 560, 362, 572], Text: [{'text': '图8甲醇需求量预测', 'confidence': 0.9990651607513428, 'text_region': [[255.0, 560.0], [365.0, 560.0], [365.0, 574.0], [255.0, 574.0]]}]
Page: 30, Bounding Box: [237, 299, 359, 311], Text: [{'text': '图7合成氨需求量预测', 'confidence': 0.9750844240188599, 'text_region': [[236.0, 299.0], [360.0, 299.0], [360.0, 313.0], [236.0, 313.0]]}]
