Page: 8, Bounding Box: [315, 443, 552, 587], Text: [{'text': '184.2', 'confidence': 0.9982708096504211, 'text_region': [[471.0, 462.0], [512.0, 462.0], [512.0, 474.0], [471.0, 474.0]]}, {'text': '172.7175.6', 'confidence': 0.9617606997489929, 'text_region': [[325.0, 482.0], [394.0, 475.0], [396.0, 492.0], [327.0, 499.0]]}, {'text': '201520162017201820192020', 'confidence': 0.9997932314872742, 'text_region': [[325.0, 571.0], [541.0, 571.0], [541.0, 584.0], [325.0, 584.0]]}]
Page: 8, Bounding Box: [53, 439, 277, 590], Text: [{'text': '医疗卫生机构数（万个）', 'confidence': 0.9895528554916382, 'text_region': [[126.0, 445.0], [239.0, 445.0], [239.0, 459.0], [126.0, 459.0]]}, {'text': '诊疗人次（亿人次）', 'confidence': 0.9638726115226746, 'text_region': [[123.0, 458.0], [219.0, 461.0], [218.0, 478.0], [122.0, 476.0]]}, {'text': '97.01', 'confidence': 0.9998912811279297, 'text_region': [[183.0, 477.0], [215.0, 477.0], [215.0, 491.0], [183.0, 491.0]]}, {'text': '41.2', 'confidence': 0.9998542666435242, 'text_region': [[220.0, 487.0], [244.0, 487.0], [244.0, 499.0], [220.0, 499.0]]}, {'text': '33.2', 'confidence': 0.9960569739341736, 'text_region': [[111.0, 503.0], [140.0, 503.0], [140.0, 514.0], [111.0, 514.0]]}, {'text': '3.54', 'confidence': 0.9998798370361328, 'text_region': [[83.0, 545.0], [105.0, 545.0], [105.0, 558.0], [83.0, 558.0]]}, {'text': '医院', 'confidence': 0.9999645948410034, 'text_region': [[97.0, 573.0], [121.0, 573.0], [121.0, 588.0], [97.0, 588.0]]}, {'text': '基层医疗卫生机构', 'confidence': 0.9998476505279541, 'text_region': [[171.0, 573.0], [256.0, 573.0], [256.0, 587.0], [171.0, 587.0]]}]
Page: 8, Bounding Box: [46, 611, 278, 641], Text: [{'text': '图示：2020年我国医疗机构数量及诊疗人次', 'confidence': 0.9991282224655151, 'text_region': [[47.0, 611.0], [279.0, 611.0], [279.0, 625.0], [47.0, 625.0]]}, {'text': '数据来源：国家卫健委，36氮研究院', 'confidence': 0.961978554725647, 'text_region': [[47.0, 629.0], [241.0, 629.0], [241.0, 643.0], [47.0, 643.0]]}]
Page: 8, Bounding Box: [325, 611, 542, 641], Text: [{'text': '图示：2015-2020年全国卫生技术人员数', 'confidence': 0.999015748500824, 'text_region': [[325.0, 611.0], [543.0, 611.0], [543.0, 625.0], [325.0, 625.0]]}, {'text': '（单位：万人）', 'confidence': 0.9802705645561218, 'text_region': [[325.0, 628.0], [394.0, 628.0], [394.0, 643.0], [325.0, 643.0]]}]
