Page: 14, Bounding Box: [35, 399, 381, 549], Text: [{'text': '三甲医院、专科医院', 'confidence': 0.9664486646652222, 'text_region': [[303.0, 410.0], [376.0, 410.0], [376.0, 420.0], [303.0, 420.0]]}, {'text': '微医区域互联网', 'confidence': 0.9715229868888855, 'text_region': [[181.0, 461.0], [241.0, 461.0], [241.0, 473.0], [181.0, 473.0]]}, {'text': '医联体', 'confidence': 0.9995570182800293, 'text_region': [[196.0, 474.0], [225.0, 474.0], [225.0, 485.0], [196.0, 485.0]]}, {'text': '第三方医疗机构', 'confidence': 0.9993420839309692, 'text_region': [[71.0, 487.0], [133.0, 487.0], [133.0, 497.0], [71.0, 497.0]]}, {'text': '运转诊', 'confidence': 0.8566185832023621, 'text_region': [[170.0, 508.0], [194.0, 508.0], [194.0, 517.0], [170.0, 517.0]]}, {'text': '云分诊', 'confidence': 0.8525967001914978, 'text_region': [[173.0, 520.0], [195.0, 520.0], [195.0, 527.0], [173.0, 527.0]]}, {'text': '基层医疗组织', 'confidence': 0.9987568855285645, 'text_region': [[299.0, 529.0], [352.0, 529.0], [352.0, 540.0], [299.0, 540.0]]}]
Page: 14, Bounding Box: [35, 558, 211, 567], Text: [{'text': '信息来源：公开数据整理、德勤访谈、研究与分析', 'confidence': 0.9695754647254944, 'text_region': [[33.0, 559.0], [213.0, 559.0], [213.0, 569.0], [33.0, 569.0]]}]
