Page: 34, Bounding Box: [96, 320, 498, 479], Text: [{'text': '30000', 'confidence': 0.9989781379699707, 'text_region': [[110.0, 326.0], [134.0, 326.0], [134.0, 341.0], [110.0, 341.0]]}, {'text': '25000', 'confidence': 0.9990463256835938, 'text_region': [[111.0, 348.0], [134.0, 348.0], [134.0, 361.0], [111.0, 361.0]]}, {'text': '20000', 'confidence': 0.9987069964408875, 'text_region': [[111.0, 369.0], [134.0, 369.0], [134.0, 380.0], [111.0, 380.0]]}, {'text': '15000', 'confidence': 0.9773939251899719, 'text_region': [[112.0, 388.0], [134.0, 388.0], [134.0, 400.0], [112.0, 400.0]]}, {'text': '10000', 'confidence': 0.9974732398986816, 'text_region': [[111.0, 408.0], [134.0, 408.0], [134.0, 419.0], [111.0, 419.0]]}, {'text': '5000', 'confidence': 0.9993705749511719, 'text_region': [[115.0, 428.0], [133.0, 428.0], [133.0, 439.0], [115.0, 439.0]]}, {'text': '2016', 'confidence': 0.9997360706329346, 'text_region': [[151.0, 460.0], [171.0, 460.0], [171.0, 471.0], [151.0, 471.0]]}, {'text': '2017', 'confidence': 0.9997885227203369, 'text_region': [[192.0, 460.0], [212.0, 460.0], [212.0, 471.0], [192.0, 471.0]]}, {'text': '2018', 'confidence': 0.9892392158508301, 'text_region': [[235.0, 462.0], [251.0, 462.0], [251.0, 469.0], [235.0, 469.0]]}, {'text': '2020', 'confidence': 0.8535200357437134, 'text_region': [[319.0, 461.0], [334.0, 461.0], [334.0, 469.0], [319.0, 469.0]]}, {'text': '2021', 'confidence': 0.9870171546936035, 'text_region': [[360.0, 461.0], [376.0, 461.0], [376.0, 469.0], [360.0, 469.0]]}, {'text': '2022', 'confidence': 0.9775174856185913, 'text_region': [[402.0, 461.0], [418.0, 461.0], [418.0, 469.0], [402.0, 469.0]]}, {'text': '2023*', 'confidence': 0.9810174107551575, 'text_region': [[440.0, 459.0], [462.0, 459.0], [462.0, 470.0], [440.0, 470.0]]}]
Page: 34, Bounding Box: [180, 506, 399, 519], Text: [{'text': '图7全球Web3开发者月活跃人数增长趋势', 'confidence': 0.9955743551254272, 'text_region': [[177.0, 506.0], [408.0, 506.0], [408.0, 520.0], [177.0, 520.0]]}]
