Page: 9, Bounding Box: [129, 432, 557, 579], Text: [{'text': 'Share of US economy,', 'confidence': 0.98619145154953, 'text_region': [[130.0, 434.0], [226.0, 437.0], [225.0, 451.0], [130.0, 448.0]]}, {'text': 'by business size, %', 'confidence': 0.9439801573753357, 'text_region': [[131.0, 447.0], [214.0, 447.0], [214.0, 460.0], [131.0, 460.0]]}, {'text': ' Microenterprises', 'confidence': 0.991304874420166, 'text_region': [[239.0, 439.0], [307.0, 439.0], [307.0, 449.0], [239.0, 449.0]]}, {'text': 'I Small enterprises', 'confidence': 0.9732184410095215, 'text_region': [[315.0, 439.0], [387.0, 439.0], [387.0, 449.0], [315.0, 449.0]]}, {'text': ' Medium enterprises Il Large cempanies', 'confidence': 0.9572634696960449, 'text_region': [[396.0, 438.0], [546.0, 440.0], [545.0, 451.0], [396.0, 448.0]]}, {'text': '(19 employees)', 'confidence': 0.9987720251083374, 'text_region': [[250.0, 448.0], [305.0, 448.0], [305.0, 459.0], [250.0, 459.0]]}, {'text': '(1049 employees)', 'confidence': 0.968991756439209, 'text_region': [[326.0, 448.0], [391.0, 448.0], [391.0, 458.0], [326.0, 458.0]]}, {'text': '[50499 employees)', 'confidence': 0.9422818422317505, 'text_region': [[408.0, 448.0], [479.0, 448.0], [479.0, 458.0], [408.0, 458.0]]}, {'text': '(>500 employees)', 'confidence': 0.9845755696296692, 'text_region': [[476.0, 448.0], [550.0, 448.0], [550.0, 458.0], [476.0, 458.0]]}, {'text': 'Business sectc', 'confidence': 0.9489622712135315, 'text_region': [[309.0, 514.0], [359.0, 514.0], [359.0, 521.0], [309.0, 521.0]]}, {'text': 'Business sectot', 'confidence': 0.9942589998245239, 'text_region': [[448.0, 512.0], [501.0, 512.0], [501.0, 523.0], [448.0, 523.0]]}, {'text': 'employment', 'confidence': 0.9991512298583984, 'text_region': [[312.0, 523.0], [359.0, 523.0], [359.0, 533.0], [312.0, 533.0]]}, {'text': 'value added', 'confidence': 0.9961464405059814, 'text_region': [[450.0, 522.0], [498.0, 522.0], [498.0, 533.0], [450.0, 533.0]]}]
Page: 9, Bounding Box: [129, 592, 544, 621], Text: [{'text': 'kote: Year for whil', 'confidence': 0.9320025444030762, 'text_region': [[136.0, 592.0], [182.0, 592.0], [182.0, 599.0], [136.0, 599.0]]}, {'text': 'le is 20f7. MIiov-, smalL, and med', 'confidence': 0.8605131506919861, 'text_region': [[228.0, 592.0], [315.0, 592.0], [315.0, 599.0], [228.0, 599.0]]}, {'text': 'btis,° US Cer', 'confidence': 0.7669298648834229, 'text_region': [[204.0, 609.0], [240.0, 609.0], [240.0, 620.0], [204.0, 620.0]]}, {'text': 'activities, real estate, putlic adm', 'confidence': 0.9610216617584229, 'text_region': [[336.0, 600.0], [420.0, 600.0], [420.0, 607.0], [336.0, 607.0]]}]
