Page: 40, Bounding Box: [81, 71, 511, 347], Text: [{'text': '正', 'confidence': 0.782100260257721, 'text_region': [[215.0, 243.0], [222.0, 243.0], [222.0, 248.0], [215.0, 248.0]]}, {'text': '省省', 'confidence': 0.9938338398933411, 'text_region': [[462.0, 240.0], [489.0, 240.0], [489.0, 250.0], [462.0, 250.0]]}, {'text': '四', 'confidence': 0.7281655073165894, 'text_region': [[447.0, 259.0], [464.0, 259.0], [464.0, 267.0], [447.0, 267.0]]}, {'text': '来源：工信部', 'confidence': 0.9995014071464539, 'text_region': [[428.0, 337.0], [501.0, 337.0], [501.0, 351.0], [428.0, 351.0]]}]
Page: 40, Bounding Box: [153, 354, 438, 367], Text: [{'text': '图22国家新型数据中心典型案例（2022年）各省数量', 'confidence': 0.9974667429924011, 'text_region': [[150.0, 354.0], [438.0, 354.0], [438.0, 368.0], [150.0, 368.0]]}]
