Page: 34, Bounding Box: [83, 386, 513, 653], Text: [{'text': '75.0', 'confidence': 0.9998221397399902, 'text_region': [[103.0, 392.0], [127.0, 392.0], [127.0, 407.0], [103.0, 407.0]]}, {'text': '70.0', 'confidence': 0.9993230700492859, 'text_region': [[104.0, 427.0], [126.0, 427.0], [126.0, 439.0], [104.0, 439.0]]}, {'text': '65.0', 'confidence': 0.9998993873596191, 'text_region': [[103.0, 460.0], [127.0, 460.0], [127.0, 475.0], [103.0, 475.0]]}, {'text': '60.0', 'confidence': 0.9996716976165771, 'text_region': [[103.0, 493.0], [127.0, 493.0], [127.0, 508.0], [103.0, 508.0]]}, {'text': '55.0', 'confidence': 0.999733567237854, 'text_region': [[102.0, 526.0], [127.0, 526.0], [127.0, 541.0], [102.0, 541.0]]}, {'text': '50.0', 'confidence': 0.9994333982467651, 'text_region': [[105.0, 562.0], [126.0, 562.0], [126.0, 574.0], [105.0, 574.0]]}, {'text': '来源：中国信通院', 'confidence': 0.99970543384552, 'text_region': [[404.0, 650.0], [501.0, 650.0], [501.0, 665.0], [404.0, 665.0]]}]
Page: 34, Bounding Box: [213, 667, 376, 679], Text: [{'text': '图18环境评价结果Top10省份', 'confidence': 0.989260196685791, 'text_region': [[213.0, 667.0], [377.0, 667.0], [377.0, 681.0], [213.0, 681.0]]}]
Page: 34, Bounding Box: [405, 650, 498, 662], Text: [{'text': '来源：中国信通院', 'confidence': 0.99970543384552, 'text_region': [[404.0, 650.0], [501.0, 650.0], [501.0, 665.0], [404.0, 665.0]]}]
