Page: 3, Bounding Box: [3, 467, 576, 838], Text: [{'text': '从数据上看：', 'confidence': 0.981558620929718, 'text_region': [[122.0, 499.0], [178.0, 499.0], [178.0, 513.0], [122.0, 513.0]]}, {'text': '未来五年，人工智能应用每年可为美国医疗系统节省潜在成本3.600亿美元的成本', 'confidence': 0.98166424036026, 'text_region': [[126.0, 527.0], [463.0, 527.0], [463.0, 540.0], [126.0, 540.0]]}, {'text': '2020年，全球医疗行业产生超过2.3ZB（泽字节）的临床数据', 'confidence': 0.9681224226951599, 'text_region': [[126.0, 567.0], [372.0, 568.0], [371.0, 582.0], [125.0, 581.0]]}, {'text': '预计到2026年，美国可互操作的临床数据市场规模将几乎翻一番，从2022年的34亿美元增至62', 'confidence': 0.9877373576164246, 'text_region': [[126.0, 600.0], [534.0, 600.0], [534.0, 614.0], [126.0, 614.0]]}, {'text': '亿美元', 'confidence': 0.9996950626373291, 'text_region': [[127.0, 615.0], [161.0, 615.0], [161.0, 626.0], [127.0, 626.0]]}, {'text': '2019年至2022年间，医疗人工智能领城的私募股权投资额达315亿美元', 'confidence': 0.986156702041626, 'text_region': [[126.0, 648.0], [422.0, 649.0], [421.0, 663.0], [125.0, 662.0]]}, {'text': '医疗人工智能供应商数量为1,500家，其中半数成立于过去7年间', 'confidence': 0.9887539744377136, 'text_region': [[126.0, 691.0], [391.0, 691.0], [391.0, 704.0], [126.0, 704.0]]}]
Page: 3, Bounding Box: [0, 1, 596, 323], Text: []
