Page: 51, Bounding Box: [93, 73, 516, 673], Text: [{'text': '案例1：规则透明度--解读方式', 'confidence': 0.9826628565788269, 'text_region': [[213.0, 79.0], [402.0, 80.0], [402.0, 97.0], [213.0, 96.0]]}, {'text': '一张四读择', 'confidence': 0.7533532381057739, 'text_region': [[216.0, 112.0], [263.0, 112.0], [263.0, 123.0], [216.0, 123.0]]}, {'text': '直博规剂', 'confidence': 0.6702865362167358, 'text_region': [[221.0, 122.0], [260.0, 122.0], [260.0, 133.0], [221.0, 133.0]]}, {'text': '一图读懂：', 'confidence': 0.9994184374809265, 'text_region': [[129.0, 235.0], [196.0, 235.0], [196.0, 252.0], [129.0, 252.0]]}, {'text': '2.', 'confidence': 0.9740121960639954, 'text_region': [[112.0, 339.0], [123.0, 339.0], [123.0, 349.0], [112.0, 349.0]]}, {'text': '说明案例：', 'confidence': 0.9996389150619507, 'text_region': [[129.0, 335.0], [196.0, 335.0], [196.0, 352.0], [129.0, 352.0]]}, {'text': '01', 'confidence': 0.841044008731842, 'text_region': [[207.0, 393.0], [218.0, 393.0], [218.0, 403.0], [207.0, 403.0]]}, {'text': '3.问答形式：', 'confidence': 0.9946123957633972, 'text_region': [[109.0, 488.0], [194.0, 488.0], [194.0, 505.0], [109.0, 505.0]]}, {'text': '4.', 'confidence': 0.9919804334640503, 'text_region': [[109.0, 651.0], [131.0, 651.0], [131.0, 663.0], [109.0, 663.0]]}, {'text': '视频形式：', 'confidence': 0.9968249201774597, 'text_region': [[128.0, 647.0], [195.0, 647.0], [195.0, 664.0], [128.0, 664.0]]}]
Page: 51, Bounding Box: [148, 683, 463, 699], Text: [{'text': '（四）规范规则透明原则，畅通规则参与渠道', 'confidence': 0.999708354473114, 'text_region': [[151.0, 680.0], [465.0, 681.0], [465.0, 701.0], [151.0, 700.0]]}]
