Page: 21, Bounding Box: [117, 69, 518, 230], Text: [{'text': '5,94', 'confidence': 0.8811740279197693, 'text_region': [[393.0, 108.0], [405.0, 108.0], [405.0, 115.0], [393.0, 115.0]]}]
Page: 21, Bounding Box: [362, 233, 503, 245], Text: [{'text': '来源：中国信息通信研究院整理', 'confidence': 0.9939351677894592, 'text_region': [[358.0, 232.0], [507.0, 231.0], [507.0, 248.0], [358.0, 249.0]]}]
Page: 21, Bounding Box: [180, 256, 399, 268], Text: [{'text': '图52010-2022年互联网企业发布专项报告数量及占比', 'confidence': 0.9990806579589844, 'text_region': [[168.0, 256.0], [450.0, 256.0], [450.0, 270.0], [168.0, 270.0]]}]
