Page: 21, Bounding Box: [164, 381, 569, 622], Text: [{'text': '0.7%', 'confidence': 0.9996068477630615, 'text_region': [[311.0, 392.0], [333.0, 392.0], [333.0, 403.0], [311.0, 403.0]]}, {'text': '7.7%', 'confidence': 0.9960261583328247, 'text_region': [[351.0, 397.0], [372.0, 397.0], [372.0, 408.0], [351.0, 408.0]]}, {'text': '赛诺医疗', 'confidence': 0.9996689558029175, 'text_region': [[499.0, 441.0], [538.0, 441.0], [538.0, 452.0], [499.0, 452.0]]}, {'text': '28.8%6', 'confidence': 0.9173286557197571, 'text_region': [[270.0, 453.0], [294.0, 453.0], [294.0, 465.0], [270.0, 465.0]]}, {'text': '■博迈医疗', 'confidence': 0.9185830354690552, 'text_region': [[497.0, 457.0], [539.0, 457.0], [539.0, 469.0], [497.0, 469.0]]}, {'text': '■戈德曼', 'confidence': 0.9522258639335632, 'text_region': [[496.0, 473.0], [532.0, 473.0], [532.0, 487.0], [496.0, 487.0]]}, {'text': '鼎科医疗', 'confidence': 0.9830705523490906, 'text_region': [[497.0, 490.0], [539.0, 490.0], [539.0, 501.0], [497.0, 501.0]]}, {'text': '业聚深圳', 'confidence': 0.9880374670028687, 'text_region': [[497.0, 507.0], [539.0, 507.0], [539.0, 518.0], [497.0, 518.0]]}, {'text': '业聚荷兰', 'confidence': 0.9425384998321533, 'text_region': [[497.0, 523.0], [539.0, 523.0], [539.0, 534.0], [497.0, 534.0]]}, {'text': '业聚荷兰', 'confidence': 0.8908042907714844, 'text_region': [[503.0, 538.0], [540.0, 538.0], [540.0, 553.0], [503.0, 553.0]]}, {'text': '资料来源：河北医保局，华源证券研究', 'confidence': 0.9947112798690796, 'text_region': [[179.0, 609.0], [334.0, 609.0], [334.0, 622.0], [179.0, 622.0]]}]
Page: 21, Bounding Box: [31, 79, 289, 234], Text: [{'text': '图表34：螺设蛛突球囊结构设计优势', 'confidence': 0.8769174814224243, 'text_region': [[39.0, 76.0], [188.0, 76.0], [188.0, 89.0], [39.0, 89.0]]}, {'text': '螺旋蒜突球囊', 'confidence': 0.8117977976799011, 'text_region': [[82.0, 97.0], [141.0, 97.0], [141.0, 107.0], [82.0, 107.0]]}, {'text': 'VS', 'confidence': 0.8851752281188965, 'text_region': [[164.0, 98.0], [175.0, 98.0], [175.0, 107.0], [164.0, 107.0]]}, {'text': '平行棘突球囊', 'confidence': 0.9073655605316162, 'text_region': [[198.0, 97.0], [255.0, 97.0], [255.0, 108.0], [198.0, 108.0]]}, {'text': '3', 'confidence': 0.652180552482605, 'text_region': [[117.0, 206.0], [125.0, 206.0], [125.0, 213.0], [117.0, 213.0]]}]
Page: 21, Bounding Box: [309, 88, 576, 239], Text: [{'text': '图表35：螺旋株突球囊临床对比结果', 'confidence': 0.9243615865707397, 'text_region': [[310.0, 76.0], [459.0, 76.0], [459.0, 89.0], [310.0, 89.0]]}, {'text': '资料来源：赛诺医疗官网，华源证券研究', 'confidence': 0.9841150641441345, 'text_region': [[310.0, 237.0], [474.0, 237.0], [474.0, 250.0], [310.0, 250.0]]}]
Page: 21, Bounding Box: [41, 238, 201, 247], Text: [{'text': '资料来源：赛诺医疗官网，华源证券研究', 'confidence': 0.9596830010414124, 'text_region': [[39.0, 237.0], [204.0, 237.0], [204.0, 250.0], [39.0, 250.0]]}]
Page: 21, Bounding Box: [311, 238, 472, 247], Text: [{'text': '资料来源：赛诺医疗官网，华源证券研究', 'confidence': 0.9841150641441345, 'text_region': [[310.0, 237.0], [474.0, 237.0], [474.0, 250.0], [310.0, 250.0]]}]
