Page: 28, Bounding Box: [85, 167, 514, 441], Text: [{'text': '北京市', 'confidence': 0.9999173283576965, 'text_region': [[125.0, 185.0], [161.0, 185.0], [161.0, 199.0], [125.0, 199.0]]}, {'text': '广东省', 'confidence': 0.9999383091926575, 'text_region': [[124.0, 207.0], [162.0, 207.0], [162.0, 221.0], [124.0, 221.0]]}, {'text': '天津市', 'confidence': 0.9996302127838135, 'text_region': [[125.0, 228.0], [160.0, 228.0], [160.0, 243.0], [125.0, 243.0]]}, {'text': '上海市', 'confidence': 0.9998860955238342, 'text_region': [[125.0, 249.0], [161.0, 249.0], [161.0, 265.0], [125.0, 265.0]]}, {'text': '内蒙古自治区', 'confidence': 0.9990904927253723, 'text_region': [[96.0, 273.0], [159.0, 273.0], [159.0, 284.0], [96.0, 284.0]]}, {'text': '山西省', 'confidence': 0.9997580647468567, 'text_region': [[125.0, 294.0], [160.0, 294.0], [160.0, 308.0], [125.0, 308.0]]}, {'text': '江苏省', 'confidence': 0.9999792575836182, 'text_region': [[125.0, 315.0], [161.0, 315.0], [161.0, 330.0], [125.0, 330.0]]}, {'text': '河北省', 'confidence': 0.9996444582939148, 'text_region': [[125.0, 337.0], [160.0, 337.0], [160.0, 351.0], [125.0, 351.0]]}, {'text': '重庆市', 'confidence': 0.9991581439971924, 'text_region': [[125.0, 359.0], [160.0, 359.0], [160.0, 373.0], [125.0, 373.0]]}, {'text': '湖北省', 'confidence': 0.9998540878295898, 'text_region': [[125.0, 381.0], [164.0, 381.0], [164.0, 395.0], [125.0, 395.0]]}, {'text': '50.0', 'confidence': 0.9998286366462708, 'text_region': [[152.0, 404.0], [176.0, 404.0], [176.0, 419.0], [152.0, 419.0]]}, {'text': '55.0', 'confidence': 0.9995954036712646, 'text_region': [[218.0, 405.0], [241.0, 405.0], [241.0, 417.0], [218.0, 417.0]]}, {'text': '60.0', 'confidence': 0.9991329908370972, 'text_region': [[282.0, 405.0], [310.0, 405.0], [310.0, 418.0], [282.0, 418.0]]}, {'text': '65.0', 'confidence': 0.9995554089546204, 'text_region': [[348.0, 405.0], [371.0, 405.0], [371.0, 417.0], [348.0, 417.0]]}, {'text': '70.0', 'confidence': 0.9994475841522217, 'text_region': [[412.0, 404.0], [437.0, 404.0], [437.0, 419.0], [412.0, 419.0]]}, {'text': '75.0', 'confidence': 0.9991807341575623, 'text_region': [[477.0, 404.0], [503.0, 404.0], [503.0, 419.0], [477.0, 419.0]]}]
Page: 28, Bounding Box: [201, 462, 387, 477], Text: [{'text': '图13存力性能评价结果Top10省份', 'confidence': 0.9715746641159058, 'text_region': [[198.0, 461.0], [390.0, 462.0], [390.0, 479.0], [198.0, 478.0]]}]
