Page: 57, Bounding Box: [102, 171, 510, 416], Text: [{'text': '来源：中国信息通信研究院整理', 'confidence': 0.9989481568336487, 'text_region': [[359.0, 405.0], [506.0, 405.0], [506.0, 419.0], [359.0, 419.0]]}]
Page: 57, Bounding Box: [226, 428, 389, 441], Text: [{'text': '图15碳信息各信息点披露占比', 'confidence': 0.9892155528068542, 'text_region': [[225.0, 428.0], [391.0, 428.0], [391.0, 442.0], [225.0, 442.0]]}]
