Page: 11, Bounding Box: [0, 417, 791, 611], Text: [{'text': '受访者认为企业可发挥中度或重大影响的主要社会挑战', 'confidence': 0.9976778030395508, 'text_region': [[269.0, 409.0], [502.0, 409.0], [502.0, 422.0], [269.0, 422.0]]}, {'text': '65%', 'confidence': 0.9999197125434875, 'text_region': [[254.0, 444.0], [271.0, 444.0], [271.0, 452.0], [254.0, 452.0]]}, {'text': '68%', 'confidence': 0.9895913004875183, 'text_region': [[290.0, 441.0], [311.0, 441.0], [311.0, 452.0], [290.0, 452.0]]}, {'text': '65%', 'confidence': 0.9997876286506653, 'text_region': [[351.0, 445.0], [369.0, 445.0], [369.0, 453.0], [351.0, 453.0]]}, {'text': '65%', 'confidence': 0.9998638033866882, 'text_region': [[390.0, 445.0], [408.0, 445.0], [408.0, 453.0], [390.0, 453.0]]}, {'text': '63%', 'confidence': 0.9993961453437805, 'text_region': [[453.0, 446.0], [475.0, 446.0], [475.0, 457.0], [453.0, 457.0]]}, {'text': '63%', 'confidence': 0.9999677538871765, 'text_region': [[492.0, 446.0], [513.0, 446.0], [513.0, 457.0], [492.0, 457.0]]}, {'text': '保护环境', 'confidence': 0.9857258200645447, 'text_region': [[260.0, 517.0], [298.0, 517.0], [298.0, 528.0], [260.0, 528.0]]}, {'text': '合乎伦理的技术应用', 'confidence': 0.9966142177581787, 'text_region': [[338.0, 516.0], [422.0, 516.0], [422.0, 529.0], [338.0, 529.0]]}, {'text': '社会平等', 'confidence': 0.9984606504440308, 'text_region': [[460.0, 515.0], [499.0, 515.0], [499.0, 529.0], [460.0, 529.0]]}, {'text': 'Z世代', 'confidence': 0.913493812084198, 'text_region': [[318.0, 544.0], [359.0, 544.0], [359.0, 558.0], [318.0, 558.0]]}, {'text': '千禧一代', 'confidence': 0.9808219075202942, 'text_region': [[375.0, 544.0], [430.0, 544.0], [430.0, 558.0], [375.0, 558.0]]}]
Page: 11, Bounding Box: [269, 410, 498, 419], Text: [{'text': '受访者认为企业可发挥中度或重大影响的主要社会挑战', 'confidence': 0.9976778030395508, 'text_region': [[269.0, 409.0], [502.0, 409.0], [502.0, 422.0], [269.0, 422.0]]}]
