Page: 37, Bounding Box: [85, 296, 512, 538], Text: [{'text': '120', 'confidence': 0.9997727870941162, 'text_region': [[96.0, 300.0], [109.0, 300.0], [109.0, 309.0], [96.0, 309.0]]}, {'text': '100', 'confidence': 0.9995436072349548, 'text_region': [[96.0, 331.0], [110.0, 331.0], [110.0, 343.0], [96.0, 343.0]]}, {'text': '80', 'confidence': 0.9964596033096313, 'text_region': [[100.0, 366.0], [109.0, 366.0], [109.0, 376.0], [100.0, 376.0]]}]
Page: 37, Bounding Box: [190, 569, 399, 582], Text: [{'text': '图142022年中国部分省份算力发展指数', 'confidence': 0.999669075012207, 'text_region': [[189.0, 570.0], [406.0, 570.0], [406.0, 584.0], [189.0, 584.0]]}]
