Page: 23, Bounding Box: [132, 355, 502, 490], Text: [{'text': '20228分费', 'confidence': 0.5442039370536804, 'text_region': [[443.0, 422.0], [477.0, 422.0], [477.0, 432.0], [443.0, 432.0]]}, {'text': '2822年中国间合实六业业排', 'confidence': 0.7367950677871704, 'text_region': [[251.0, 473.0], [337.0, 473.0], [337.0, 486.0], [251.0, 486.0]]}]
Page: 23, Bounding Box: [360, 500, 503, 510], Text: [{'text': '来源：中国信息通信研究院整理', 'confidence': 0.9972976446151733, 'text_region': [[358.0, 500.0], [505.0, 500.0], [505.0, 513.0], [358.0, 513.0]]}]
Page: 23, Bounding Box: [212, 522, 430, 534], Text: [{'text': '图62022年中国互联网综合实力与报告数量分布', 'confidence': 0.9995155334472656, 'text_region': [[181.0, 522.0], [435.0, 522.0], [435.0, 536.0], [181.0, 536.0]]}]
