Page: 4, Bounding Box: [70, 588, 303, 750], Text: [{'text': '2.7%6', 'confidence': 0.9855937957763672, 'text_region': [[129.0, 595.0], [149.0, 595.0], [149.0, 603.0], [129.0, 603.0]]}, {'text': '28.4%', 'confidence': 0.9311200976371765, 'text_region': [[81.0, 612.0], [103.0, 612.0], [103.0, 619.0], [81.0, 619.0]]}, {'text': '39.2%', 'confidence': 0.9997820854187012, 'text_region': [[197.0, 610.0], [222.0, 610.0], [222.0, 621.0], [197.0, 621.0]]}, {'text': '极大减轻', 'confidence': 0.9784448146820068, 'text_region': [[234.0, 708.0], [279.0, 708.0], [279.0, 719.0], [234.0, 719.0]]}, {'text': '减轻了大部分', 'confidence': 0.9979772567749023, 'text_region': [[234.0, 718.0], [292.0, 718.0], [292.0, 729.0], [234.0, 729.0]]}, {'text': '减轻了小部分', 'confidence': 0.9953503012657166, 'text_region': [[234.0, 727.0], [293.0, 727.0], [293.0, 738.0], [234.0, 738.0]]}, {'text': '29.7%', 'confidence': 0.9999439120292664, 'text_region': [[81.0, 733.0], [106.0, 733.0], [106.0, 742.0], [81.0, 742.0]]}, {'text': '■几乎没有减轻', 'confidence': 0.8955459594726562, 'text_region': [[234.0, 738.0], [293.0, 738.0], [293.0, 749.0], [234.0, 749.0]]}]
Page: 4, Bounding Box: [318, 589, 560, 749], Text: [{'text': '1.4%', 'confidence': 0.9871754050254822, 'text_region': [[383.0, 595.0], [402.0, 595.0], [402.0, 603.0], [383.0, 603.0]]}, {'text': '20.3%', 'confidence': 0.9992969632148743, 'text_region': [[328.0, 612.0], [351.0, 612.0], [351.0, 620.0], [328.0, 620.0]]}, {'text': '47.0%', 'confidence': 0.9994912147521973, 'text_region': [[445.0, 610.0], [471.0, 610.0], [471.0, 621.0], [445.0, 621.0]]}, {'text': '■充分实现', 'confidence': 0.933968186378479, 'text_region': [[484.0, 708.0], [529.0, 708.0], [529.0, 719.0], [484.0, 719.0]]}, {'text': '实现了大部分', 'confidence': 0.9894354343414307, 'text_region': [[484.0, 718.0], [542.0, 718.0], [542.0, 728.0], [484.0, 728.0]]}, {'text': '31.4%', 'confidence': 0.9994470477104187, 'text_region': [[325.0, 730.0], [352.0, 730.0], [352.0, 741.0], [325.0, 741.0]]}, {'text': '■实现了小部分', 'confidence': 0.9153594374656677, 'text_region': [[484.0, 728.0], [542.0, 728.0], [542.0, 739.0], [484.0, 739.0]]}, {'text': '■几乎没有实现', 'confidence': 0.9715801477432251, 'text_region': [[483.0, 738.0], [543.0, 738.0], [543.0, 748.0], [483.0, 748.0]]}]
Page: 4, Bounding Box: [79, 759, 222, 767], Text: [{'text': '数据末源;生仓绿洲公益服务中心向卷调研结果', 'confidence': 0.7996162176132202, 'text_region': [[79.0, 759.0], [223.0, 759.0], [223.0, 769.0], [79.0, 769.0]]}]
