Page: 25, Bounding Box: [90, 96, 495, 348], Text: [{'text': '（二）Web3数据基础设施架构', 'confidence': 0.9991737008094788, 'text_region': [[107.0, 76.0], [323.0, 77.0], [322.0, 97.0], [107.0, 96.0]]}, {'text': '数据源', 'confidence': 0.9926168322563171, 'text_region': [[104.0, 110.0], [128.0, 110.0], [128.0, 121.0], [104.0, 121.0]]}, {'text': '输入和输出', 'confidence': 0.997194766998291, 'text_region': [[156.0, 110.0], [196.0, 110.0], [196.0, 121.0], [156.0, 121.0]]}, {'text': '数据存储', 'confidence': 0.9935969710350037, 'text_region': [[224.0, 110.0], [257.0, 110.0], [257.0, 121.0], [224.0, 121.0]]}, {'text': '数据查询和处理', 'confidence': 0.9941014051437378, 'text_region': [[285.0, 110.0], [339.0, 110.0], [339.0, 121.0], [285.0, 121.0]]}, {'text': '数据变换', 'confidence': 0.9956445693969727, 'text_region': [[370.0, 110.0], [401.0, 110.0], [401.0, 121.0], [370.0, 121.0]]}, {'text': '数据分析', 'confidence': 0.8765064477920532, 'text_region': [[433.0, 110.0], [461.0, 110.0], [461.0, 120.0], [433.0, 120.0]]}, {'text': '企业员源计', 'confidence': 0.6568368077278137, 'text_region': [[101.0, 143.0], [128.0, 143.0], [128.0, 155.0], [101.0, 155.0]]}, {'text': '处理引单', 'confidence': 0.5139831304550171, 'text_region': [[292.0, 147.0], [327.0, 147.0], [327.0, 159.0], [292.0, 159.0]]}, {'text': '数家查询引章', 'confidence': 0.505000650882721, 'text_region': [[291.0, 164.0], [327.0, 164.0], [327.0, 175.0], [291.0, 175.0]]}, {'text': '外级接', 'confidence': 0.5114734768867493, 'text_region': [[106.0, 218.0], [125.0, 218.0], [125.0, 226.0], [106.0, 226.0]]}, {'text': 'Wh20W2.0', 'confidence': 0.7169999480247498, 'text_region': [[373.0, 326.0], [453.0, 326.0], [453.0, 336.0], [373.0, 336.0]]}, {'text': 'Wk', 'confidence': 0.6385812163352966, 'text_region': [[453.0, 328.0], [488.0, 328.0], [488.0, 335.0], [453.0, 335.0]]}, {'text': '来源：中国信息通信研究院', 'confidence': 0.9970672130584717, 'text_region': [[369.0, 346.0], [497.0, 346.0], [497.0, 360.0], [369.0, 360.0]]}]
Page: 25, Bounding Box: [182, 369, 399, 381], Text: [{'text': '图2Web2向Web3演进数据基础设施架构', 'confidence': 0.9985173344612122, 'text_region': [[180.0, 369.0], [404.0, 369.0], [404.0, 383.0], [180.0, 383.0]]}]
Page: 25, Bounding Box: [380, 347, 489, 357], Text: [{'text': '来源：中国信息通信研究院', 'confidence': 0.9970672130584717, 'text_region': [[369.0, 346.0], [497.0, 346.0], [497.0, 360.0], [369.0, 360.0]]}]
