Page: 27, Bounding Box: [182, 508, 404, 662], Text: []
Page: 27, Bounding Box: [201, 693, 408, 705], Text: [{'text': '图1融合算法由单点融合走向跨域融合', 'confidence': 0.9980682134628296, 'text_region': [[201.0, 694.0], [409.0, 694.0], [409.0, 707.0], [201.0, 707.0]]}]
Page: 27, Bounding Box: [371, 671, 492, 681], Text: [{'text': '来源：中国信息通信研究院', 'confidence': 0.9987792372703552, 'text_region': [[371.0, 671.0], [496.0, 671.0], [496.0, 684.0], [371.0, 684.0]]}]
