Page: 12, Bounding Box: [84, 260, 515, 467], Text: [{'text': '600', 'confidence': 0.9994962811470032, 'text_region': [[96.0, 266.0], [112.0, 266.0], [112.0, 278.0], [96.0, 278.0]]}, {'text': '500', 'confidence': 0.9981231689453125, 'text_region': [[98.0, 286.0], [111.0, 286.0], [111.0, 296.0], [98.0, 296.0]]}, {'text': '100', 'confidence': 0.7956686019897461, 'text_region': [[99.0, 307.0], [111.0, 307.0], [111.0, 314.0], [99.0, 314.0]]}, {'text': '09', 'confidence': 0.9950236082077026, 'text_region': [[152.0, 313.0], [163.0, 313.0], [163.0, 320.0], [152.0, 320.0]]}, {'text': '600', 'confidence': 0.5378257632255554, 'text_region': [[99.0, 326.0], [111.0, 326.0], [111.0, 333.0], [99.0, 333.0]]}, {'text': '25939', 'confidence': 0.9337552785873413, 'text_region': [[441.0, 320.0], [471.0, 328.0], [468.0, 340.0], [438.0, 332.0]]}, {'text': '20494', 'confidence': 0.841560959815979, 'text_region': [[467.0, 330.0], [495.0, 332.0], [494.0, 347.0], [465.0, 344.0]]}, {'text': '200', 'confidence': 0.9986374378204346, 'text_region': [[98.0, 344.0], [111.0, 344.0], [111.0, 353.0], [98.0, 353.0]]}, {'text': 'O0', 'confidence': 0.7486252188682556, 'text_region': [[100.0, 364.0], [111.0, 364.0], [111.0, 371.0], [100.0, 371.0]]}, {'text': '备案服务数', 'confidence': 0.9874714016914368, 'text_region': [[252.0, 439.0], [307.0, 439.0], [307.0, 450.0], [252.0, 450.0]]}, {'text': '备案企业数', 'confidence': 0.9928689002990723, 'text_region': [[307.0, 439.0], [355.0, 439.0], [355.0, 450.0], [307.0, 450.0]]}, {'text': '来源：中国信息通信研究院', 'confidence': 0.9989897608757019, 'text_region': [[379.0, 467.0], [507.0, 467.0], [507.0, 481.0], [379.0, 481.0]]}]
Page: 12, Bounding Box: [80, 503, 512, 699], Text: [{'text': '图2各批次备案区块链企业数量', 'confidence': 0.9995293021202087, 'text_region': [[212.0, 490.0], [383.0, 490.0], [383.0, 504.0], [212.0, 504.0]]}, {'text': '700', 'confidence': 0.9989920258522034, 'text_region': [[119.0, 516.0], [133.0, 516.0], [133.0, 526.0], [119.0, 526.0]]}, {'text': '/', 'confidence': 0.6994369626045227, 'text_region': [[98.0, 533.0], [114.0, 532.0], [118.0, 622.0], [101.0, 623.0]]}, {'text': '00 0 0', 'confidence': 0.6688439846038818, 'text_region': [[116.0, 540.0], [136.0, 540.0], [136.0, 597.0], [116.0, 597.0]]}, {'text': '200', 'confidence': 0.9998612999916077, 'text_region': [[117.0, 593.0], [134.0, 593.0], [134.0, 610.0], [117.0, 610.0]]}, {'text': '100', 'confidence': 0.9019563794136047, 'text_region': [[120.0, 613.0], [130.0, 613.0], [130.0, 622.0], [120.0, 622.0]]}, {'text': '山云福重四湖湖安峡天间广', 'confidence': 0.7858123779296875, 'text_region': [[210.0, 650.0], [350.0, 650.0], [350.0, 657.0], [210.0, 657.0]]}, {'text': '江河贵辽龙吉山宁新甘蒙西', 'confidence': 0.9443750977516174, 'text_region': [[347.0, 648.0], [493.0, 648.0], [493.0, 661.0], [347.0, 661.0]]}, {'text': '来源：中国信息通信研究院', 'confidence': 0.9949997067451477, 'text_region': [[378.0, 686.0], [506.0, 686.0], [506.0, 699.0], [378.0, 699.0]]}]
Page: 12, Bounding Box: [217, 709, 409, 722], Text: [{'text': '图32023年我国区块链企业省份分布', 'confidence': 0.9995115995407104, 'text_region': [[217.0, 708.0], [411.0, 708.0], [411.0, 722.0], [217.0, 722.0]]}]
Page: 12, Bounding Box: [212, 490, 381, 502], Text: [{'text': '图2各批次备案区块链企业数量', 'confidence': 0.9995293021202087, 'text_region': [[212.0, 490.0], [383.0, 490.0], [383.0, 504.0], [212.0, 504.0]]}]
Page: 12, Bounding Box: [388, 467, 497, 478], Text: [{'text': '来源：中国信息通信研究院', 'confidence': 0.9989897608757019, 'text_region': [[379.0, 467.0], [507.0, 467.0], [507.0, 481.0], [379.0, 481.0]]}]
