Page: 1, Bounding Box: [93, 361, 560, 600], Text: [{'text': 'Select regionEU-5', 'confidence': 0.9732058048248291, 'text_region': [[97.0, 363.0], [182.0, 363.0], [182.0, 376.0], [97.0, 376.0]]}, {'text': 'Pessimistic', 'confidence': 0.999476969242096, 'text_region': [[107.0, 394.0], [159.0, 394.0], [159.0, 405.0], [107.0, 405.0]]}, {'text': 'Mixed', 'confidence': 0.9997034072875977, 'text_region': [[173.0, 394.0], [208.0, 394.0], [208.0, 405.0], [173.0, 405.0]]}, {'text': 'Optimistic', 'confidence': 0.9994657635688782, 'text_region': [[234.0, 394.0], [276.0, 394.0], [276.0, 405.0], [234.0, 405.0]]}, {'text': 'in 22', 'confidence': 0.8459252119064331, 'text_region': [[358.0, 586.0], [373.0, 586.0], [373.0, 593.0], [358.0, 593.0]]}, {'text': 'n 2', 'confidence': 0.8506488800048828, 'text_region': [[443.0, 586.0], [455.0, 586.0], [455.0, 593.0], [443.0, 593.0]]}]
Page: 1, Bounding Box: [86, 606, 561, 645], Text: [{'text': 'EU-57 Rated', 'confidence': 0.9373275637626648, 'text_region': [[338.0, 606.0], [373.0, 606.0], [373.0, 613.0], [338.0, 613.0]]}, {'text': '* to 6, "ver', 'confidence': 0.8303478360176086, 'text_region': [[439.0, 606.0], [468.0, 606.0], [468.0, 613.0], [439.0, 613.0]]}, {'text': 'aind UK, Que', 'confidence': 0.8067546486854553, 'text_region': [[116.0, 620.0], [152.0, 619.0], [152.0, 627.0], [117.0, 629.0]]}, {'text': 'virus (COVID-19) crisis', 'confidence': 0.8791048526763916, 'text_region': [[500.0, 618.0], [561.0, 618.0], [561.0, 629.0], [500.0, 629.0]]}, {'text': "* 1,016; Ifaly, n = 1,006; Spain, n = ',000; and UK, n = 1,020), Nov 2024 (n *", 'confidence': 0.9256343245506287, 'text_region': [[343.0, 638.0], [554.0, 638.0], [554.0, 645.0], [343.0, 645.0]]}]
