Page: 13, Bounding Box: [88, 70, 517, 292], Text: [{'text': '非植入式', 'confidence': 0.9997334480285645, 'text_region': [[271.0, 83.0], [327.0, 83.0], [327.0, 97.0], [271.0, 97.0]]}, {'text': '投资年', 'confidence': 0.999980628490448, 'text_region': [[306.0, 241.0], [338.0, 241.0], [338.0, 255.0], [306.0, 255.0]]}, {'text': '天使轮SeedA轮B轮C轮D轮', 'confidence': 0.9618785381317139, 'text_region': [[212.0, 267.0], [383.0, 268.0], [383.0, 282.0], [212.0, 281.0]]}]
Page: 13, Bounding Box: [201, 296, 505, 333], Text: [{'text': '来源：Crunchbasc、CB，中国信息通信研究院', 'confidence': 0.9682280421257019, 'text_region': [[293.0, 293.0], [507.0, 295.0], [507.0, 312.0], [293.0, 311.0]]}, {'text': '图6非植入式技术路线企业获投情况', 'confidence': 0.9991650581359863, 'text_region': [[199.0, 317.0], [397.0, 318.0], [397.0, 335.0], [199.0, 334.0]]}]
