Page: 18, Bounding Box: [177, 257, 457, 402], Text: [{'text': '4', 'confidence': 0.5243123769760132, 'text_region': [[217.0, 271.0], [234.0, 271.0], [234.0, 282.0], [217.0, 282.0]]}, {'text': '其他', 'confidence': 0.9999405145645142, 'text_region': [[270.0, 266.0], [292.0, 266.0], [292.0, 278.0], [270.0, 278.0]]}, {'text': '4%', 'confidence': 0.9845631122589111, 'text_region': [[220.0, 288.0], [232.0, 288.0], [232.0, 297.0], [220.0, 297.0]]}, {'text': '12%', 'confidence': 0.9991642832756042, 'text_region': [[269.0, 282.0], [293.0, 282.0], [293.0, 297.0], [269.0, 297.0]]}, {'text': '美国', 'confidence': 0.9663156270980835, 'text_region': [[340.0, 284.0], [371.0, 284.0], [371.0, 299.0], [340.0, 299.0]]}, {'text': '欧洲', 'confidence': 0.9890625476837158, 'text_region': [[194.0, 302.0], [219.0, 302.0], [219.0, 317.0], [194.0, 317.0]]}, {'text': '34%', 'confidence': 0.9916977286338806, 'text_region': [[347.0, 300.0], [372.0, 300.0], [372.0, 315.0], [347.0, 315.0]]}, {'text': '17%', 'confidence': 0.9993544220924377, 'text_region': [[194.0, 319.0], [219.0, 319.0], [219.0, 334.0], [194.0, 334.0]]}, {'text': '中国', 'confidence': 0.9994409084320068, 'text_region': [[295.0, 332.0], [321.0, 332.0], [321.0, 347.0], [295.0, 347.0]]}, {'text': '33%', 'confidence': 0.9989361763000488, 'text_region': [[295.0, 350.0], [319.0, 350.0], [319.0, 363.0], [295.0, 363.0]]}, {'text': '来源：中国信息通信研究院、IDC、Gartner、TOP500', 'confidence': 0.9706569910049438, 'text_region': [[247.0, 402.0], [507.0, 404.0], [507.0, 421.0], [247.0, 419.0]]}]
Page: 18, Bounding Box: [204, 406, 504, 441], Text: [{'text': '来源：中国信息通信研究院、IDC、Gartner、TOP500', 'confidence': 0.9706569910049438, 'text_region': [[247.0, 402.0], [507.0, 404.0], [507.0, 421.0], [247.0, 419.0]]}, {'text': '图52022年全球算力规模分布情况', 'confidence': 0.9894964694976807, 'text_region': [[203.0, 426.0], [392.0, 427.0], [392.0, 444.0], [203.0, 443.0]]}]
