Page: 11, Bounding Box: [92, 187, 501, 358], Text: [{'text': '欧洲', 'confidence': 0.9833314418792725, 'text_region': [[179.0, 195.0], [204.0, 195.0], [204.0, 210.0], [179.0, 210.0]]}, {'text': '美洲', 'confidence': 0.9755525588989258, 'text_region': [[268.0, 197.0], [282.0, 197.0], [282.0, 209.0], [268.0, 209.0]]}, {'text': '0.3', 'confidence': 0.9966239333152771, 'text_region': [[111.0, 218.0], [120.0, 218.0], [120.0, 227.0], [111.0, 227.0]]}, {'text': '0.2', 'confidence': 0.9709029197692871, 'text_region': [[111.0, 258.0], [121.0, 258.0], [121.0, 269.0], [111.0, 269.0]]}, {'text': 'L1', 'confidence': 0.813308596611023, 'text_region': [[113.0, 302.0], [118.0, 302.0], [118.0, 307.0], [113.0, 307.0]]}, {'text': '2014', 'confidence': 0.9959226846694946, 'text_region': [[139.0, 349.0], [152.0, 349.0], [152.0, 358.0], [139.0, 358.0]]}, {'text': '2015', 'confidence': 0.9762129783630371, 'text_region': [[177.0, 346.0], [195.0, 349.0], [193.0, 360.0], [175.0, 357.0]]}, {'text': '2016', 'confidence': 0.9958834052085876, 'text_region': [[220.0, 349.0], [233.0, 349.0], [233.0, 358.0], [220.0, 358.0]]}, {'text': '2017', 'confidence': 0.9992319941520691, 'text_region': [[260.0, 349.0], [273.0, 349.0], [273.0, 358.0], [260.0, 358.0]]}, {'text': '2018', 'confidence': 0.9922778606414795, 'text_region': [[300.0, 349.0], [316.0, 349.0], [316.0, 358.0], [300.0, 358.0]]}, {'text': '2020', 'confidence': 0.9994237422943115, 'text_region': [[378.0, 349.0], [395.0, 349.0], [395.0, 358.0], [378.0, 358.0]]}, {'text': '2021', 'confidence': 0.9800603985786438, 'text_region': [[421.0, 349.0], [434.0, 349.0], [434.0, 358.0], [421.0, 358.0]]}]
Page: 11, Bounding Box: [159, 362, 436, 375], Text: [{'text': '图12014—2022年全球数字服务贸易限制性指数情况', 'confidence': 0.9781052470207214, 'text_region': [[156.0, 361.0], [438.0, 360.0], [438.0, 377.0], [156.0, 378.0]]}]
