Page: 42, Bounding Box: [89, 156, 506, 382], Text: [{'text': '（a）中科大1002', 'confidence': 0.9151948094367981, 'text_region': [[124.0, 260.0], [184.0, 260.0], [184.0, 267.0], [124.0, 267.0]]}, {'text': 'Mbps密钥成码率QKD系统', 'confidence': 0.9566563367843628, 'text_region': [[372.0, 368.0], [468.0, 368.0], [468.0, 378.0], [372.0, 378.0]]}]
Page: 42, Bounding Box: [108, 391, 504, 420], Text: [{'text': '来源：Phys.Rev.Lett.130,210801,', 'confidence': 0.9537106156349182, 'text_region': [[109.0, 390.0], [273.0, 390.0], [273.0, 403.0], [109.0, 403.0]]}, {'text': '250801, Nature Photonics v17, p416421, p422426', 'confidence': 0.9919781684875488, 'text_region': [[268.0, 390.0], [507.0, 390.0], [507.0, 403.0], [268.0, 403.0]]}, {'text': '图142023年QKD系统实验的代表性成果', 'confidence': 0.9994568824768066, 'text_region': [[185.0, 408.0], [410.0, 408.0], [410.0, 422.0], [185.0, 422.0]]}]
