Page: 6, Bounding Box: [96, 322, 504, 657], Text: [{'text': '数据基础制度', 'confidence': 0.9984880089759827, 'text_region': [[248.0, 346.0], [321.0, 346.0], [321.0, 360.0], [248.0, 360.0]]}, {'text': '保障权益', 'confidence': 0.9993814826011658, 'text_region': [[141.0, 381.0], [182.0, 381.0], [182.0, 396.0], [141.0, 396.0]]}, {'text': '合规高效', 'confidence': 0.9990615844726562, 'text_region': [[233.0, 381.0], [274.0, 381.0], [274.0, 395.0], [233.0, 395.0]]}, {'text': '体现效率', 'confidence': 0.9990665912628174, 'text_region': [[323.0, 380.0], [366.0, 380.0], [366.0, 395.0], [323.0, 395.0]]}, {'text': '安全可控', 'confidence': 0.9984210133552551, 'text_region': [[417.0, 381.0], [458.0, 381.0], [458.0, 396.0], [417.0, 396.0]]}, {'text': '合规使用', 'confidence': 0.9982988238334656, 'text_region': [[142.0, 405.0], [183.0, 405.0], [183.0, 419.0], [142.0, 419.0]]}, {'text': '场内外结合', 'confidence': 0.9973087310791016, 'text_region': [[228.0, 405.0], [278.0, 405.0], [278.0, 419.0], [228.0, 419.0]]}, {'text': '促进公平', 'confidence': 0.9992839097976685, 'text_region': [[325.0, 405.0], [366.0, 405.0], [366.0, 420.0], [325.0, 420.0]]}, {'text': '弹性包容', 'confidence': 0.9978810548782349, 'text_region': [[416.0, 405.0], [458.0, 405.0], [458.0, 419.0], [416.0, 419.0]]}, {'text': '数据产权制度', 'confidence': 0.9989537596702576, 'text_region': [[151.0, 478.0], [172.0, 478.0], [172.0, 577.0], [151.0, 577.0]]}, {'text': '流', 'confidence': 0.9999655485153198, 'text_region': [[244.0, 480.0], [262.0, 480.0], [262.0, 498.0], [244.0, 498.0]]}, {'text': '收益分配制度', 'confidence': 0.9995304942131042, 'text_region': [[335.0, 478.0], [353.0, 478.0], [353.0, 576.0], [335.0, 576.0]]}, {'text': '协同治理制度', 'confidence': 0.9968697428703308, 'text_region': [[428.0, 478.0], [447.0, 478.0], [447.0, 578.0], [428.0, 578.0]]}, {'text': '通', 'confidence': 0.9997424483299255, 'text_region': [[245.0, 495.0], [262.0, 495.0], [262.0, 514.0], [245.0, 514.0]]}, {'text': '交易制度', 'confidence': 0.9926714301109314, 'text_region': [[241.0, 508.0], [267.0, 508.0], [267.0, 578.0], [241.0, 578.0]]}, {'text': '来源：国家发展和改革委员会', 'confidence': 0.9883968830108643, 'text_region': [[369.0, 655.0], [505.0, 655.0], [505.0, 669.0], [369.0, 669.0]]}]
Page: 6, Bounding Box: [235, 678, 359, 690], Text: [{'text': '图1数据基础制度体系', 'confidence': 0.9926375150680542, 'text_region': [[233.0, 677.0], [361.0, 677.0], [361.0, 691.0], [233.0, 691.0]]}]
