Page: 54, Bounding Box: [26, 161, 525, 446], Text: [{'text': '全球AI参与研发的进入临床阶段且处于活跃状态的管线临床阶段分布，2023.10', 'confidence': 0.98457932472229, 'text_region': [[28.0, 148.0], [375.0, 148.0], [375.0, 161.0], [28.0, 161.0]]}, {'text': '单位：%', 'confidence': 0.999634325504303, 'text_region': [[28.0, 166.0], [67.0, 166.0], [67.0, 180.0], [28.0, 180.0]]}, {'text': '临床I期临床Ⅱ期临床I/Ⅱ期临床Ⅲ期', 'confidence': 0.9277566075325012, 'text_region': [[143.0, 194.0], [392.0, 194.0], [392.0, 207.0], [143.0, 207.0]]}, {'text': '中国', 'confidence': 0.999943196773529, 'text_region': [[156.0, 235.0], [177.0, 235.0], [177.0, 247.0], [156.0, 247.0]]}, {'text': '30.9%', 'confidence': 0.997806191444397, 'text_region': [[132.0, 247.0], [156.0, 247.0], [156.0, 258.0], [132.0, 258.0]]}, {'text': '6.2%', 'confidence': 0.9978722333908081, 'text_region': [[238.0, 248.0], [265.0, 248.0], [265.0, 259.0], [238.0, 259.0]]}, {'text': '6.2%', 'confidence': 0.9982234239578247, 'text_region': [[217.0, 260.0], [239.0, 260.0], [239.0, 271.0], [217.0, 271.0]]}, {'text': '69.1%', 'confidence': 0.9992836117744446, 'text_region': [[61.0, 294.0], [86.0, 294.0], [86.0, 306.0], [61.0, 306.0]]}, {'text': '海外', 'confidence': 0.9999100565910339, 'text_region': [[41.0, 307.0], [67.0, 307.0], [67.0, 318.0], [41.0, 318.0]]}, {'text': '49.59', 'confidence': 0.9401885867118835, 'text_region': [[328.0, 322.0], [346.0, 322.0], [346.0, 329.0], [328.0, 329.0]]}, {'text': '88.1%', 'confidence': 0.9375959634780884, 'text_region': [[195.0, 348.0], [216.0, 348.0], [216.0, 360.0], [195.0, 360.0]]}, {'text': '自主研发', 'confidence': 0.9974002838134766, 'text_region': [[470.0, 342.0], [510.0, 342.0], [510.0, 353.0], [470.0, 353.0]]}, {'text': '83.5%', 'confidence': 0.9701922535896301, 'text_region': [[449.0, 353.0], [469.0, 353.0], [469.0, 362.0], [449.0, 362.0]]}, {'text': '16.5%', 'confidence': 0.9995525479316711, 'text_region': [[370.0, 394.0], [397.0, 394.0], [397.0, 405.0], [370.0, 405.0]]}, {'text': '合作研发', 'confidence': 0.9866984486579895, 'text_region': [[335.0, 405.0], [374.0, 405.0], [374.0, 416.0], [335.0, 416.0]]}]
Page: 54, Bounding Box: [99, 458, 429, 469], Text: [{'text': '■AI在制药板块仍处于萌芽期，赛道风险与机遇并存，新药自研模式为主流', 'confidence': 0.99080491065979, 'text_region': [[94.0, 458.0], [430.0, 458.0], [430.0, 471.0], [94.0, 471.0]]}]
