Page: 17, Bounding Box: [118, 69, 495, 337], Text: [{'text': '单位：万亿元', 'confidence': 0.9952425360679626, 'text_region': [[135.0, 81.0], [183.0, 81.0], [183.0, 92.0], [135.0, 92.0]]}, {'text': '40', 'confidence': 0.999159038066864, 'text_region': [[135.0, 105.0], [148.0, 105.0], [148.0, 118.0], [135.0, 118.0]]}, {'text': '35', 'confidence': 0.9986127018928528, 'text_region': [[135.0, 126.0], [149.0, 126.0], [149.0, 140.0], [135.0, 140.0]]}, {'text': '30', 'confidence': 0.9991796016693115, 'text_region': [[135.0, 147.0], [149.0, 147.0], [149.0, 162.0], [135.0, 162.0]]}, {'text': '50.2', 'confidence': 0.9397081732749939, 'text_region': [[375.0, 142.0], [389.0, 142.0], [389.0, 149.0], [375.0, 149.0]]}, {'text': '27.0', 'confidence': 0.9965336322784424, 'text_region': [[344.0, 156.0], [359.0, 156.0], [359.0, 164.0], [344.0, 164.0]]}, {'text': '25', 'confidence': 0.9989538192749023, 'text_region': [[136.0, 171.0], [146.0, 171.0], [146.0, 182.0], [136.0, 182.0]]}, {'text': '22.6', 'confidence': 0.9988431334495544, 'text_region': [[282.0, 175.0], [298.0, 175.0], [298.0, 183.0], [282.0, 183.0]]}, {'text': '24.4', 'confidence': 0.7899187207221985, 'text_region': [[315.0, 168.0], [327.0, 168.0], [327.0, 175.0], [315.0, 175.0]]}, {'text': '20', 'confidence': 0.9995163679122925, 'text_region': [[136.0, 192.0], [147.0, 192.0], [147.0, 202.0], [136.0, 202.0]]}, {'text': '20.4', 'confidence': 0.9802660346031189, 'text_region': [[252.0, 184.0], [268.0, 184.0], [268.0, 191.0], [252.0, 191.0]]}, {'text': '15', 'confidence': 0.9996734261512756, 'text_region': [[136.0, 212.0], [151.0, 212.0], [151.0, 224.0], [136.0, 224.0]]}, {'text': '10', 'confidence': 0.9991297125816345, 'text_region': [[136.0, 233.0], [150.0, 233.0], [150.0, 245.0], [136.0, 245.0]]}]
Page: 17, Bounding Box: [155, 343, 505, 379], Text: [{'text': '来源：中国信息通信研究院根据2013-2022年中国县域年鉴数据整理', 'confidence': 0.9948940277099609, 'text_region': [[193.0, 342.0], [506.0, 342.0], [506.0, 357.0], [193.0, 357.0]]}, {'text': '图52012-2021年全国县（市）住户储蓄存款余额情况', 'confidence': 0.9964234232902527, 'text_region': [[155.0, 364.0], [442.0, 364.0], [442.0, 381.0], [155.0, 381.0]]}]
