Page: 25, Bounding Box: [88, 135, 508, 341], Text: [{'text': '1200', 'confidence': 0.9987559914588928, 'text_region': [[122.0, 138.0], [145.0, 138.0], [145.0, 154.0], [122.0, 154.0]]}, {'text': '1000', 'confidence': 0.9994922280311584, 'text_region': [[121.0, 162.0], [145.0, 162.0], [145.0, 177.0], [121.0, 177.0]]}, {'text': '800', 'confidence': 0.9968565106391907, 'text_region': [[126.0, 187.0], [143.0, 187.0], [143.0, 200.0], [126.0, 200.0]]}, {'text': '600', 'confidence': 0.9966009259223938, 'text_region': [[127.0, 210.0], [143.0, 210.0], [143.0, 222.0], [127.0, 222.0]]}, {'text': '400', 'confidence': 0.9894842505455017, 'text_region': [[128.0, 235.0], [142.0, 235.0], [142.0, 243.0], [128.0, 243.0]]}, {'text': '200', 'confidence': 0.9993532299995422, 'text_region': [[126.0, 258.0], [144.0, 258.0], [144.0, 271.0], [126.0, 271.0]]}, {'text': '2015', 'confidence': 0.999706506729126, 'text_region': [[163.0, 295.0], [186.0, 295.0], [186.0, 307.0], [163.0, 307.0]]}, {'text': '2016', 'confidence': 0.9997444152832031, 'text_region': [[205.0, 295.0], [229.0, 295.0], [229.0, 307.0], [205.0, 307.0]]}, {'text': '2017', 'confidence': 0.9996354579925537, 'text_region': [[246.0, 295.0], [271.0, 295.0], [271.0, 306.0], [246.0, 306.0]]}, {'text': '2018', 'confidence': 0.9995226263999939, 'text_region': [[290.0, 295.0], [315.0, 295.0], [315.0, 307.0], [290.0, 307.0]]}, {'text': '2019', 'confidence': 0.998815655708313, 'text_region': [[332.0, 295.0], [370.0, 295.0], [370.0, 306.0], [332.0, 306.0]]}, {'text': '2020', 'confidence': 0.9975248575210571, 'text_region': [[374.0, 295.0], [400.0, 295.0], [400.0, 306.0], [374.0, 306.0]]}, {'text': '2021', 'confidence': 0.9996875524520874, 'text_region': [[419.0, 295.0], [442.0, 295.0], [442.0, 307.0], [419.0, 307.0]]}, {'text': '2022', 'confidence': 0.9995946884155273, 'text_region': [[462.0, 295.0], [485.0, 295.0], [485.0, 307.0], [462.0, 307.0]]}, {'text': '2G/3G基站数4G基站数', 'confidence': 0.9975255727767944, 'text_region': [[210.0, 315.0], [335.0, 315.0], [335.0, 329.0], [210.0, 329.0]]}, {'text': '5G基站数', 'confidence': 0.9856032133102417, 'text_region': [[329.0, 312.0], [390.0, 315.0], [390.0, 331.0], [328.0, 327.0]]}]
Page: 25, Bounding Box: [211, 366, 384, 378], Text: [{'text': '图8我国移动通信基站发展情况', 'confidence': 0.9991338849067688, 'text_region': [[211.0, 366.0], [385.0, 366.0], [385.0, 380.0], [211.0, 380.0]]}]
