Page: 18, Bounding Box: [83, 73, 509, 286], Text: [{'text': '企业', 'confidence': 0.9984055757522583, 'text_region': [[101.0, 87.0], [119.0, 87.0], [119.0, 95.0], [101.0, 95.0]]}, {'text': '产品设计宣普营销订销注量交付过程股务售后', 'confidence': 0.7422688603401184, 'text_region': [[124.0, 83.0], [376.0, 83.0], [376.0, 96.0], [124.0, 96.0]]}, {'text': '交易止', 'confidence': 0.9247817993164062, 'text_region': [[393.0, 85.0], [438.0, 85.0], [438.0, 96.0], [393.0, 96.0]]}, {'text': '请供给环节', 'confidence': 0.5598210692405701, 'text_region': [[457.0, 79.0], [495.0, 81.0], [495.0, 92.0], [457.0, 90.0]]}, {'text': '消费卧条剂', 'confidence': 0.734632134437561, 'text_region': [[458.0, 90.0], [494.0, 90.0], [494.0, 101.0], [458.0, 101.0]]}, {'text': '新权登类量', 'confidence': 0.6820706129074097, 'text_region': [[458.0, 100.0], [493.0, 100.0], [493.0, 110.0], [458.0, 110.0]]}, {'text': '公平交居权', 'confidence': 0.704321026802063, 'text_region': [[130.0, 111.0], [155.0, 111.0], [155.0, 120.0], [130.0, 120.0]]}, {'text': '权益来源', 'confidence': 0.9714760780334473, 'text_region': [[459.0, 202.0], [493.0, 202.0], [493.0, 216.0], [459.0, 216.0]]}, {'text': '消费者担关法律', 'confidence': 0.8127538561820984, 'text_region': [[456.0, 217.0], [500.0, 217.0], [500.0, 228.0], [456.0, 228.0]]}, {'text': '法规的质权', 'confidence': 0.8378530740737915, 'text_region': [[460.0, 227.0], [498.0, 227.0], [498.0, 237.0], [460.0, 237.0]]}, {'text': '自然人主体权利', 'confidence': 0.8725170493125916, 'text_region': [[456.0, 237.0], [499.0, 237.0], [499.0, 248.0], [456.0, 248.0]]}, {'text': '其他权益', 'confidence': 0.7963186502456665, 'text_region': [[134.0, 252.0], [171.0, 252.0], [171.0, 264.0], [134.0, 264.0]]}, {'text': '防迁昨香用', 'confidence': 0.5855758190155029, 'text_region': [[458.0, 248.0], [497.0, 248.0], [497.0, 260.0], [458.0, 260.0]]}, {'text': '消费者黄求产生资讯获取', 'confidence': 0.7946680188179016, 'text_region': [[95.0, 266.0], [215.0, 266.0], [215.0, 279.0], [95.0, 279.0]]}, {'text': '权益保护实线的', 'confidence': 0.9404953718185425, 'text_region': [[456.0, 260.0], [499.0, 260.0], [499.0, 271.0], [456.0, 271.0]]}]
Page: 18, Bounding Box: [228, 296, 361, 307], Text: [{'text': '图1数字消费者权益图谱', 'confidence': 0.9963244795799255, 'text_region': [[227.0, 295.0], [363.0, 295.0], [363.0, 309.0], [227.0, 309.0]]}]
