Page: 60, Bounding Box: [89, 273, 496, 569], Text: {'cell_bbox': [[11.802063941955566, 2.7306265830993652, 296.6458435058594, 2.7886199951171875, 298.3298645019531, 24.099367141723633, 11.984511375427246, 24.538799285888672], [7.079096794128418, 23.256481170654297, 307.67755126953125, 22.860355377197266, 308.5623474121094, 57.19935989379883, 7.029300212860107, 58.0904426574707], [11.155420303344727, 64.42159271240234, 300.9952087402344, 64.13162994384766, 299.90533447265625, 101.64740753173828, 11.016261100769043, 101.65473937988281], [23.238557815551758, 89.29932403564453, 343.79638671875, 88.89944458007812, 342.3568115234375, 117.10014343261719, 22.65227508544922, 117.66278839111328], [11.670978546142578, 108.53547668457031, 256.554443359375, 108.12324523925781, 252.828125, 129.90402221679688, 11.234360694885254, 130.5155792236328], [16.60814094543457, 135.2078857421875, 292.9296875, 135.25672912597656, 289.41546630859375, 156.35609436035156, 15.909806251525879, 156.4360809326172], [18.386882781982422, 160.94515991210938, 298.82281494140625, 161.31234741210938, 296.2644958496094, 184.4379425048828, 17.788074493408203, 184.2563018798828], [14.653850555419922, 188.54611206054688, 305.49298095703125, 188.8156280517578, 304.33734130859375, 213.86410522460938, 14.443069458007812, 213.7615203857422], [22.719146728515625, 219.86378479003906, 322.1244812011719, 219.99427795410156, 321.72607421875, 242.5082244873047, 22.567028045654297, 242.33663940429688], [25.402576446533203, 245.91650390625, 295.1935729980469, 245.48268127441406, 295.1213073730469, 263.9554138183594, 25.19755744934082, 264.16180419921875], [26.95859718322754, 259.385986328125, 268.7744140625, 259.2459716796875, 267.85760498046875, 274.8879699707031, 26.319133758544922, 274.9692687988281]], 'html': '<html><body><table><thead><tr><td></td></tr></thead><tbody><tr><td>中国联通加强产学研用联合创新：</td></tr><tr><td></td></tr><tr><td>图，建立联合研发、战略投资 办同等方式提供5大</td></tr><tr><td>应用、规模推广、合作运营</td></tr><tr><td>示范基地、资本加持等N种</td></tr><tr><td>赋能，以产业联盟、联合实</td></tr><tr><td>形式，加速落地运转。中 与鹏城实验室、北京微芯区块链研</td></tr><tr><td>究院、北京邮电大学、武汉大学、东方航空等业界领先科研单位、</td></tr><tr><td>高校建立了7个联合实验室，签署7个集团战略协议，积极有效地</td></tr><tr><td>开展科技创新生态建设。</td></tr></tbody></table></body></html>'}
Page: 60, Bounding Box: [84, 605, 495, 733], Text: {'cell_bbox': [[6.4525980949401855, 1.1950973272323608, 405.64923095703125, 1.2838505506515503, 405.7344665527344, 29.321125030517578, 6.377182483673096, 29.52094078063965], [6.695511341094971, 28.544113159179688, 407.3269958496094, 29.146484375, 407.3899841308594, 123.78487396240234, 6.794692516326904, 123.67574310302734]], 'html': '<html><body><table><tr><td>案例：中国移动“联创+”研发合作体系</td></tr><tr><td>中国移动以“两给两出”为基本原则，加速构建“以企业为主 导的产学研融合”体系，自2020年起通过“联创+”行动计划打造 研发合作体系，汇聚了超300家合作伙伴。与清华大学、西安交通</td></tr></table></body></html>'}
