Page: 16, Bounding Box: [79, 70, 514, 345], Text: [{'text': '70.0', 'confidence': 0.9996647238731384, 'text_region': [[96.0, 82.0], [119.0, 82.0], [119.0, 94.0], [96.0, 94.0]]}, {'text': '65.0', 'confidence': 0.9996237754821777, 'text_region': [[96.0, 106.0], [119.0, 106.0], [119.0, 118.0], [96.0, 118.0]]}, {'text': '60.0', 'confidence': 0.99931800365448, 'text_region': [[96.0, 131.0], [119.0, 131.0], [119.0, 143.0], [96.0, 143.0]]}, {'text': '55.0', 'confidence': 0.9998570680618286, 'text_region': [[96.0, 157.0], [119.0, 157.0], [119.0, 169.0], [96.0, 169.0]]}, {'text': '50.0', 'confidence': 0.9997485280036926, 'text_region': [[96.0, 182.0], [119.0, 182.0], [119.0, 194.0], [96.0, 194.0]]}, {'text': '45.0', 'confidence': 0.9998688697814941, 'text_region': [[95.0, 207.0], [119.0, 207.0], [119.0, 219.0], [95.0, 219.0]]}, {'text': '40.0', 'confidence': 0.9994825124740601, 'text_region': [[94.0, 230.0], [120.0, 230.0], [120.0, 245.0], [94.0, 245.0]]}, {'text': '35.0', 'confidence': 0.9998036026954651, 'text_region': [[96.0, 257.0], [119.0, 257.0], [119.0, 269.0], [96.0, 269.0]]}, {'text': '来源：中国信通院', 'confidence': 0.9997493028640747, 'text_region': [[404.0, 338.0], [501.0, 338.0], [501.0, 352.0], [404.0, 352.0]]}]
Page: 16, Bounding Box: [204, 357, 385, 372], Text: [{'text': '图2综合算力评价结果Top10省份', 'confidence': 0.9705248475074768, 'text_region': [[202.0, 357.0], [387.0, 357.0], [387.0, 374.0], [202.0, 374.0]]}]
