Page: 58, Bounding Box: [98, 563, 509, 739], Text: {'cell_bbox': [[5.083423137664795, 1.1832808256149292, 398.2591857910156, 1.2969205379486084, 398.4941101074219, 18.992366790771484, 5.0265092849731445, 18.74895668029785], [9.58857536315918, 19.182353973388672, 408.404052734375, 19.47711181640625, 408.40460205078125, 160.7613067626953, 9.483956336975098, 160.7642364501953]], 'html': '<html><body><table><tr><td>案例2：组织治理-履责承诺</td></tr><tr><td>1.清洁能源使用目标：企业层面绿色电力使用比例目标（如XX 年实现N%绿色电力使用）、主营业务层面绿色电力使用比例 目标（如XX年物流运输车实现N%新能源、XX年起云计算 电力供给N%采用清洁能源） 2.自 自身运营减碳目标：预期碳中和目标（如XX年实现运营碳中</td></tr></table></body></html>'}
Page: 58, Bounding Box: [104, 89, 509, 302], Text: {'cell_bbox': [[8.671494483947754, 2.2523257732391357, 383.0611572265625, 2.4500389099121094, 383.1210021972656, 55.160614013671875, 8.341259002685547, 55.011661529541016], [18.682231903076172, 47.91701889038086, 398.33636474609375, 46.0987434387207, 398.58294677734375, 203.37586975097656, 18.766021728515625, 203.8436737060547]], 'html': '<html><body><table><tr><td>1．认可主题重要作用：应对气候变化已成为全球共识、响应国家</td></tr><tr><td>“双碳”目标、践行绿色低碳发展理念 2.倡导低碳发展愿景：关注自身减碳（如实现绿色运营）、关注 价值链减碳（如推动产业链绿色发展、构建绿色低碳供应链体 系）、关注科技赋能减碳（如打造一朵清洁的云、绿色智慧解 决方案、数字技术是应对环境风险的关键手段）</td></tr></table></body></html>'}
