Page: 15, Bounding Box: [84, 426, 520, 589], Text: [{'text': '2040年医疗不公平问题引致的成本达', 'confidence': 0.9866180419921875, 'text_region': [[363.0, 429.0], [518.0, 429.0], [518.0, 442.0], [363.0, 442.0]]}, {'text': '1万亿美元', 'confidence': 0.9992866516113281, 'text_region': [[412.0, 438.0], [474.0, 441.0], [473.0, 459.0], [411.0, 455.0]]}, {'text': '目前医疗不公平问题引致的成本为', 'confidence': 0.9964207410812378, 'text_region': [[89.0, 483.0], [230.0, 483.0], [230.0, 496.0], [89.0, 496.0]]}, {'text': '3200亿美元', 'confidence': 0.9995907545089722, 'text_region': [[126.0, 494.0], [198.0, 497.0], [198.0, 512.0], [125.0, 509.0]]}, {'text': '人口结构、医疗成本和', 'confidence': 0.9932335615158081, 'text_region': [[249.0, 537.0], [346.0, 537.0], [346.0, 551.0], [249.0, 551.0]]}, {'text': '人均支出的预期变化', 'confidence': 0.9934157133102417, 'text_region': [[245.0, 549.0], [332.0, 549.0], [332.0, 562.0], [245.0, 562.0]]}]
Page: 15, Bounding Box: [400, 595, 484, 634], Text: [{'text': '我们利用该组疾病状', 'confidence': 0.9991253614425659, 'text_region': [[399.0, 594.0], [486.0, 594.0], [486.0, 607.0], [399.0, 607.0]]}, {'text': '态和医疗差异研究的', 'confidence': 0.9971805214881897, 'text_region': [[400.0, 604.0], [485.0, 604.0], [485.0, 617.0], [400.0, 617.0]]}, {'text': '假设，由此推及所有', 'confidence': 0.9894242882728577, 'text_region': [[400.0, 614.0], [486.0, 614.0], [486.0, 627.0], [400.0, 627.0]]}, {'text': '其他疾病状态', 'confidence': 0.998079776763916, 'text_region': [[401.0, 624.0], [458.0, 624.0], [458.0, 636.0], [401.0, 636.0]]}]
Page: 15, Bounding Box: [120, 597, 214, 636], Text: [{'text': '我们最初聚焦一组疾病', 'confidence': 0.9964191317558289, 'text_region': [[120.0, 596.0], [215.0, 596.0], [215.0, 609.0], [120.0, 609.0]]}, {'text': '状态，以设定可能由医', 'confidence': 0.9947507977485657, 'text_region': [[121.0, 608.0], [214.0, 608.0], [214.0, 618.0], [121.0, 618.0]]}, {'text': '疗不公平和偏见引致的', 'confidence': 0.98191899061203, 'text_region': [[120.0, 616.0], [216.0, 616.0], [216.0, 629.0], [120.0, 629.0]]}, {'text': '成本基准', 'confidence': 0.9868576526641846, 'text_region': [[121.0, 626.0], [160.0, 626.0], [160.0, 638.0], [121.0, 638.0]]}]
Page: 15, Bounding Box: [79, 653, 189, 675], Text: [{'text': '注：所有金额均以美元为单位。', 'confidence': 0.9947865605354309, 'text_region': [[77.0, 652.0], [191.0, 652.0], [191.0, 665.0], [77.0, 665.0]]}, {'text': '资料来源：德勤分析。', 'confidence': 0.9891514778137207, 'text_region': [[77.0, 666.0], [159.0, 666.0], [159.0, 679.0], [77.0, 679.0]]}]
