Page: 29, Bounding Box: [83, 416, 514, 669], Text: [{'text': '70.0', 'confidence': 0.99965500831604, 'text_region': [[95.0, 421.0], [120.0, 421.0], [120.0, 436.0], [95.0, 436.0]]}, {'text': '68.0', 'confidence': 0.999244749546051, 'text_region': [[96.0, 464.0], [118.0, 464.0], [118.0, 476.0], [96.0, 476.0]]}, {'text': '66.0', 'confidence': 0.9998605847358704, 'text_region': [[95.0, 504.0], [120.0, 504.0], [120.0, 519.0], [95.0, 519.0]]}, {'text': '64.0', 'confidence': 0.9995084404945374, 'text_region': [[95.0, 545.0], [120.0, 545.0], [120.0, 561.0], [95.0, 561.0]]}, {'text': '62.0', 'confidence': 0.999812126159668, 'text_region': [[95.0, 587.0], [120.0, 587.0], [120.0, 602.0], [95.0, 602.0]]}, {'text': '60.0', 'confidence': 0.9983174800872803, 'text_region': [[96.0, 629.0], [119.0, 629.0], [119.0, 641.0], [96.0, 641.0]]}, {'text': '上海市广东省江苏省浙江省四川省山东省北京市天津市河北省河南省', 'confidence': 0.9994180798530579, 'text_region': [[126.0, 641.0], [491.0, 641.0], [491.0, 655.0], [126.0, 655.0]]}, {'text': '来源：中国信通院', 'confidence': 0.9998111128807068, 'text_region': [[404.0, 667.0], [501.0, 667.0], [501.0, 681.0], [404.0, 681.0]]}]
Page: 29, Bounding Box: [213, 682, 376, 694], Text: [{'text': '图14运力评价结果Top10省份', 'confidence': 0.9912099242210388, 'text_region': [[212.0, 682.0], [377.0, 682.0], [377.0, 695.0], [212.0, 695.0]]}]
