Page: 21, Bounding Box: [143, 582, 565, 689], Text: [{'text': 'Decreased deciles by', 'confidence': 0.9993759989738464, 'text_region': [[225.0, 588.0], [299.0, 588.0], [299.0, 599.0], [225.0, 599.0]]}, {'text': 'No chsnge', 'confidence': 0.9863430857658386, 'text_region': [[318.0, 585.0], [358.0, 587.0], [357.0, 601.0], [317.0, 599.0]]}, {'text': 'Increased deciles by', 'confidence': 0.988306999206543, 'text_region': [[379.0, 588.0], [448.0, 588.0], [448.0, 599.0], [379.0, 599.0]]}, {'text': '≥8-76 5 4', 'confidence': 0.9174813032150269, 'text_region': [[150.0, 601.0], [195.0, 601.0], [195.0, 612.0], [150.0, 612.0]]}, {'text': '56 7 - ≥8', 'confidence': 0.907063364982605, 'text_region': [[520.0, 601.0], [564.0, 601.0], [564.0, 611.0], [520.0, 611.0]]}, {'text': '7.5', 'confidence': 0.9936349987983704, 'text_region': [[233.0, 621.0], [243.0, 621.0], [243.0, 631.0], [233.0, 631.0]]}, {'text': '12.9', 'confidence': 0.9933253526687622, 'text_region': [[269.0, 620.0], [284.0, 620.0], [284.0, 632.0], [269.0, 632.0]]}, {'text': '18.5', 'confidence': 0.9989962577819824, 'text_region': [[331.0, 621.0], [347.0, 621.0], [347.0, 633.0], [331.0, 633.0]]}, {'text': '16.3', 'confidence': 0.9863688945770264, 'text_region': [[399.0, 620.0], [415.0, 620.0], [415.0, 633.0], [399.0, 633.0]]}, {'text': '10.0', 'confidence': 0.9912424683570862, 'text_region': [[450.0, 620.0], [467.0, 620.0], [467.0, 632.0], [450.0, 632.0]]}, {'text': '7.2', 'confidence': 0.951002299785614, 'text_region': [[485.0, 621.0], [497.0, 621.0], [497.0, 630.0], [485.0, 630.0]]}, {'text': '4.03.22', 'confidence': 0.8790295720100403, 'text_region': [[505.0, 620.0], [538.0, 617.0], [539.0, 628.0], [506.0, 631.0]]}, {'text': '22 ', 'confidence': 0.7217549681663513, 'text_region': [[147.0, 636.0], [191.0, 636.0], [191.0, 657.0], [147.0, 657.0]]}, {'text': '8.8', 'confidence': 0.9987389445304871, 'text_region': [[522.0, 660.0], [550.0, 660.0], [550.0, 676.0], [522.0, 676.0]]}]
Page: 21, Bounding Box: [0, 0, 611, 224], Text: []
