Page: 17, Bounding Box: [81, 386, 513, 652], Text: [{'text': '70.0', 'confidence': 0.9996638894081116, 'text_region': [[95.0, 392.0], [119.0, 392.0], [119.0, 407.0], [95.0, 407.0]]}, {'text': '65.0', 'confidence': 0.9998756647109985, 'text_region': [[95.0, 416.0], [120.0, 416.0], [120.0, 431.0], [95.0, 431.0]]}, {'text': '60.0', 'confidence': 0.9996827840805054, 'text_region': [[95.0, 440.0], [120.0, 440.0], [120.0, 456.0], [95.0, 456.0]]}, {'text': '55.0', 'confidence': 0.99983149766922, 'text_region': [[95.0, 464.0], [120.0, 464.0], [120.0, 480.0], [95.0, 480.0]]}, {'text': '50.0', 'confidence': 0.9997368454933167, 'text_region': [[95.0, 488.0], [120.0, 488.0], [120.0, 504.0], [95.0, 504.0]]}, {'text': '45.0', 'confidence': 0.9998741745948792, 'text_region': [[95.0, 512.0], [119.0, 512.0], [119.0, 527.0], [95.0, 527.0]]}, {'text': '40.0', 'confidence': 0.9992274641990662, 'text_region': [[96.0, 537.0], [118.0, 537.0], [118.0, 549.0], [96.0, 549.0]]}, {'text': '35.0', 'confidence': 0.9988355040550232, 'text_region': [[97.0, 562.0], [118.0, 562.0], [118.0, 573.0], [97.0, 573.0]]}, {'text': '来源：中国信通院', 'confidence': 0.9998236894607544, 'text_region': [[404.0, 650.0], [501.0, 650.0], [501.0, 665.0], [404.0, 665.0]]}]
Page: 17, Bounding Box: [215, 670, 373, 683], Text: [{'text': '图3算力评价结果Top10省份', 'confidence': 0.9889651536941528, 'text_region': [[215.0, 671.0], [373.0, 671.0], [373.0, 685.0], [215.0, 685.0]]}]
Page: 17, Bounding Box: [405, 650, 498, 662], Text: [{'text': '来源：中国信通院', 'confidence': 0.9998236894607544, 'text_region': [[404.0, 650.0], [501.0, 650.0], [501.0, 665.0], [404.0, 665.0]]}]
