Page: 62, Bounding Box: [88, 300, 508, 535], Text: [{'text': '100', 'confidence': 0.9981966018676758, 'text_region': [[483.0, 313.0], [494.0, 313.0], [494.0, 321.0], [483.0, 321.0]]}, {'text': '1200', 'confidence': 0.9757256507873535, 'text_region': [[102.0, 343.0], [117.0, 343.0], [117.0, 351.0], [102.0, 351.0]]}, {'text': '000', 'confidence': 0.9319798350334167, 'text_region': [[103.0, 367.0], [115.0, 367.0], [115.0, 375.0], [103.0, 375.0]]}, {'text': '500', 'confidence': 0.9178293347358704, 'text_region': [[106.0, 414.0], [117.0, 414.0], [117.0, 421.0], [106.0, 421.0]]}, {'text': '200', 'confidence': 0.9973630905151367, 'text_region': [[106.0, 460.0], [117.0, 460.0], [117.0, 468.0], [106.0, 468.0]]}, {'text': '社会消费易零售总额占GDP比重（%）社会消费易零售总额（亿元）', 'confidence': 0.8872495889663696, 'text_region': [[192.0, 514.0], [404.0, 515.0], [404.0, 529.0], [192.0, 528.0]]}]
Page: 62, Bounding Box: [295, 546, 504, 558], Text: [{'text': '来源：中国信息通信研究院根据统计数据整理', 'confidence': 0.9972360730171204, 'text_region': [[296.0, 546.0], [506.0, 546.0], [506.0, 560.0], [296.0, 560.0]]}]
