Page: 50, Bounding Box: [91, 286, 506, 509], Text: [{'text': '26.16', 'confidence': 0.9983612895011902, 'text_region': [[401.0, 301.0], [423.0, 301.0], [423.0, 312.0], [401.0, 312.0]]}, {'text': '27.69', 'confidence': 0.9951780438423157, 'text_region': [[459.0, 296.0], [479.0, 296.0], [479.0, 304.0], [459.0, 304.0]]}, {'text': '23.16', 'confidence': 0.9997150301933289, 'text_region': [[287.0, 321.0], [311.0, 321.0], [311.0, 332.0], [287.0, 332.0]]}, {'text': '23.8', 'confidence': 0.995146632194519, 'text_region': [[346.0, 318.0], [364.0, 318.0], [364.0, 329.0], [346.0, 329.0]]}, {'text': '20.77', 'confidence': 0.9996436834335327, 'text_region': [[173.0, 336.0], [198.0, 336.0], [198.0, 347.0], [173.0, 347.0]]}, {'text': '21.96', 'confidence': 0.9997037649154663, 'text_region': [[229.0, 329.0], [253.0, 329.0], [253.0, 340.0], [229.0, 340.0]]}, {'text': '19.23', 'confidence': 0.9990253448486328, 'text_region': [[117.0, 346.0], [142.0, 346.0], [142.0, 357.0], [117.0, 357.0]]}, {'text': '2021Q4', 'confidence': 0.9999015927314758, 'text_region': [[112.0, 493.0], [144.0, 493.0], [144.0, 504.0], [112.0, 504.0]]}, {'text': '2022Q1', 'confidence': 0.9996879696846008, 'text_region': [[168.0, 493.0], [201.0, 493.0], [201.0, 504.0], [168.0, 504.0]]}, {'text': '2022Q2', 'confidence': 0.9992731213569641, 'text_region': [[225.0, 493.0], [257.0, 493.0], [257.0, 504.0], [225.0, 504.0]]}, {'text': '2022Q3', 'confidence': 0.9994621276855469, 'text_region': [[282.0, 492.0], [315.0, 494.0], [314.0, 505.0], [281.0, 503.0]]}, {'text': '2022Q4', 'confidence': 0.999808132648468, 'text_region': [[339.0, 493.0], [372.0, 493.0], [372.0, 503.0], [339.0, 503.0]]}, {'text': '2023Q1', 'confidence': 0.9990792870521545, 'text_region': [[395.0, 491.0], [428.0, 493.0], [427.0, 504.0], [394.0, 502.0]]}, {'text': '2023Q2', 'confidence': 0.9995172619819641, 'text_region': [[452.0, 493.0], [484.0, 493.0], [484.0, 504.0], [452.0, 504.0]]}]
Page: 50, Bounding Box: [259, 511, 477, 521], Text: [{'text': '来源：中国人民银行季度《金融机构贷款投向统计报告》', 'confidence': 0.9938551187515259, 'text_region': [[251.0, 510.0], [501.0, 510.0], [501.0, 524.0], [251.0, 524.0]]}]
