Page: 29, Bounding Box: [3, 457, 570, 814], Text: [{'text': '从数据上看：', 'confidence': 0.9927027225494385, 'text_region': [[122.0, 499.0], [179.0, 499.0], [179.0, 513.0], [122.0, 513.0]]}, {'text': '对健康的影响', 'confidence': 0.9892430305480957, 'text_region': [[123.0, 519.0], [177.0, 519.0], [177.0, 530.0], [123.0, 530.0]]}, {'text': '据估计，空气质量差引起的健康相关问题每年耗费全球8.1万亿美元，约占全球GDP的7.7%2', 'confidence': 0.9762770533561707, 'text_region': [[125.0, 545.0], [500.0, 544.0], [500.0, 559.0], [125.0, 560.0]]}, {'text': '美国每年因空气污染而产生的医疗费用高达8,200亿美元，导致每年约10.7万人过早死亡', 'confidence': 0.9863595962524414, 'text_region': [[126.0, 584.0], [490.0, 584.0], [490.0, 598.0], [126.0, 598.0]]}, {'text': '机构采取的行动', 'confidence': 0.9949288964271545, 'text_region': [[122.0, 612.0], [191.0, 612.0], [191.0, 626.0], [122.0, 626.0]]}, {'text': '到2026年，用于为印度12个邦的25,000家医疗机构配备太阳能设备的慈善基金将达5,250万美元', 'confidence': 0.9816827178001404, 'text_region': [[126.0, 640.0], [522.0, 640.0], [522.0, 654.0], [126.0, 654.0]]}, {'text': '马来西亚私营医疗机构KPjHealthcare与绿色能源公司Gentar合作，将在马来西亚各地安装10,000', 'confidence': 0.975813090801239, 'text_region': [[126.0, 676.0], [529.0, 676.0], [529.0, 689.0], [126.0, 689.0]]}, {'text': '个电动汽车充电桩', 'confidence': 0.9982035756111145, 'text_region': [[125.0, 690.0], [206.0, 690.0], [206.0, 704.0], [125.0, 704.0]]}, {'text': '埃及一家癌症治疗中心采取节能措施，在六个月内实现二氧化碳减排261.5吨', 'confidence': 0.9976010918617249, 'text_region': [[126.0, 727.0], [442.0, 727.0], [442.0, 740.0], [126.0, 740.0]]}]
Page: 29, Bounding Box: [0, 1, 596, 336], Text: []
Page: 29, Bounding Box: [66, 371, 271, 399], Text: [{'text': '塑造可持续未来', 'confidence': 0.9961391091346741, 'text_region': [[68.0, 374.0], [270.0, 374.0], [270.0, 399.0], [68.0, 399.0]]}]
