Page: 15, Bounding Box: [80, 332, 513, 583], Text: [{'text': '50', 'confidence': 0.9986572265625, 'text_region': [[94.0, 379.0], [105.0, 379.0], [105.0, 389.0], [94.0, 389.0]]}, {'text': '40', 'confidence': 0.9986475706100464, 'text_region': [[94.0, 412.0], [105.0, 412.0], [105.0, 421.0], [94.0, 421.0]]}, {'text': '31.3', 'confidence': 0.99349045753479, 'text_region': [[200.0, 427.0], [220.0, 427.0], [220.0, 439.0], [200.0, 439.0]]}, {'text': '30', 'confidence': 0.9967097640037537, 'text_region': [[94.0, 444.0], [105.0, 444.0], [105.0, 453.0], [94.0, 453.0]]}, {'text': '27.2', 'confidence': 0.9973757266998291, 'text_region': [[136.0, 439.0], [159.0, 439.0], [159.0, 454.0], [136.0, 454.0]]}, {'text': '20', 'confidence': 0.9993127584457397, 'text_region': [[94.0, 477.0], [105.0, 477.0], [105.0, 487.0], [94.0, 487.0]]}, {'text': '10', 'confidence': 0.9992012977600098, 'text_region': [[93.0, 508.0], [106.0, 508.0], [106.0, 521.0], [93.0, 521.0]]}, {'text': '2017', 'confidence': 0.9998111724853516, 'text_region': [[133.0, 554.0], [162.0, 554.0], [162.0, 570.0], [133.0, 570.0]]}, {'text': '2018', 'confidence': 0.9992602467536926, 'text_region': [[196.0, 554.0], [224.0, 554.0], [224.0, 570.0], [196.0, 570.0]]}, {'text': '2019', 'confidence': 0.9993770122528076, 'text_region': [[259.0, 556.0], [284.0, 556.0], [284.0, 568.0], [259.0, 568.0]]}, {'text': '2020', 'confidence': 0.9988460540771484, 'text_region': [[323.0, 556.0], [347.0, 556.0], [347.0, 568.0], [323.0, 568.0]]}, {'text': '2021', 'confidence': 0.9990803003311157, 'text_region': [[384.0, 556.0], [409.0, 556.0], [409.0, 568.0], [384.0, 568.0]]}, {'text': '2022', 'confidence': 0.9994891881942749, 'text_region': [[446.0, 556.0], [472.0, 556.0], [472.0, 568.0], [446.0, 568.0]]}]
Page: 15, Bounding Box: [204, 609, 382, 622], Text: [{'text': '图2我国数字经济规模（万亿元）', 'confidence': 0.9965617060661316, 'text_region': [[202.0, 609.0], [382.0, 609.0], [382.0, 623.0], [202.0, 623.0]]}]
