Page: 44, Bounding Box: [86, 326, 510, 594], Text: [{'text': '120', 'confidence': 0.9995624423027039, 'text_region': [[96.0, 329.0], [110.0, 329.0], [110.0, 341.0], [96.0, 341.0]]}, {'text': '来源：中国信息通信研究院', 'confidence': 0.9932615160942078, 'text_region': [[380.0, 578.0], [505.0, 578.0], [505.0, 591.0], [380.0, 591.0]]}]
Page: 44, Bounding Box: [196, 600, 410, 613], Text: [{'text': '图192022年中国部分省份算力环境分指数', 'confidence': 0.9997222423553467, 'text_region': [[184.0, 601.0], [412.0, 601.0], [412.0, 614.0], [184.0, 614.0]]}]
