Page: 1, Bounding Box: [205, 562, 433, 763], Text: [{'text': '纵向剖析', 'confidence': 0.9889224767684937, 'text_region': [[235.0, 724.0], [358.0, 724.0], [358.0, 761.0], [235.0, 761.0]]}]
Page: 1, Bounding Box: [205, 344, 426, 537], Text: [{'text': '行业概览', 'confidence': 0.9992837905883789, 'text_region': [[235.0, 499.0], [356.0, 499.0], [356.0, 535.0], [235.0, 535.0]]}]
Page: 1, Bounding Box: [206, 794, 430, 1006], Text: [{'text': '公', 'confidence': 0.5610663294792175, 'text_region': [[281.0, 866.0], [323.0, 857.0], [329.0, 885.0], [287.0, 894.0]]}, {'text': '横向融合', 'confidence': 0.9950788617134094, 'text_region': [[238.0, 963.0], [356.0, 963.0], [356.0, 999.0], [238.0, 999.0]]}]
Page: 1, Bounding Box: [214, 1052, 434, 1268], Text: [{'text': '趋势展望', 'confidence': 0.9759670495986938, 'text_region': [[235.0, 1214.0], [356.0, 1214.0], [356.0, 1251.0], [235.0, 1251.0]]}]
