Page: 69, Bounding Box: [108, 633, 502, 708], Text: [{'text': '992年', 'confidence': 0.9277703762054443, 'text_region': [[249.0, 678.0], [264.0, 678.0], [264.0, 685.0], [249.0, 685.0]]}, {'text': '1999年', 'confidence': 0.9558330774307251, 'text_region': [[296.0, 678.0], [314.0, 678.0], [314.0, 686.0], [296.0, 686.0]]}, {'text': '2009年', 'confidence': 0.9943424463272095, 'text_region': [[344.0, 677.0], [364.0, 677.0], [364.0, 688.0], [344.0, 688.0]]}, {'text': '2015年', 'confidence': 0.9953761100769043, 'text_region': [[409.0, 676.0], [429.0, 676.0], [429.0, 688.0], [409.0, 688.0]]}, {'text': '来源：中国信息通信研究院整理', 'confidence': 0.9949902296066284, 'text_region': [[359.0, 693.0], [506.0, 693.0], [506.0, 706.0], [359.0, 706.0]]}]
Page: 69, Bounding Box: [185, 715, 399, 727], Text: [{'text': '图29国家级产业载体建设工作的演进历程', 'confidence': 0.9991133809089661, 'text_region': [[184.0, 716.0], [411.0, 716.0], [411.0, 729.0], [184.0, 729.0]]}]
