Page: 36, Bounding Box: [59, 427, 155, 497], Text: [{'text': '塑造可持续未来', 'confidence': 0.9981756210327148, 'text_region': [[63.0, 428.0], [131.0, 428.0], [131.0, 439.0], [63.0, 439.0]]}, {'text': 'Elizabeth Baca博士', 'confidence': 0.9824674129486084, 'text_region': [[62.0, 443.0], [153.0, 444.0], [153.0, 459.0], [62.0, 457.0]]}, {'text': '常务总监', 'confidence': 0.9996927976608276, 'text_region': [[63.0, 458.0], [103.0, 458.0], [103.0, 473.0], [63.0, 473.0]]}, {'text': '德勤美国', 'confidence': 0.9966558218002319, 'text_region': [[63.0, 472.0], [104.0, 472.0], [104.0, 486.0], [63.0, 486.0]]}, {'text': 'ebaca@deloitte.com', 'confidence': 0.9995214939117432, 'text_region': [[63.0, 486.0], [154.0, 486.0], [154.0, 499.0], [63.0, 499.0]]}]
Page: 36, Bounding Box: [64, 518, 84, 527], Text: [{'text': '致谢', 'confidence': 0.9986999034881592, 'text_region': [[64.0, 517.0], [86.0, 517.0], [86.0, 529.0], [64.0, 529.0]]}]
