Page: 11, Bounding Box: [109, 98, 507, 327], Text: [{'text': '35', 'confidence': 0.9997354745864868, 'text_region': [[152.0, 124.0], [165.0, 124.0], [165.0, 140.0], [152.0, 140.0]]}, {'text': '30', 'confidence': 0.9994155168533325, 'text_region': [[152.0, 141.0], [165.0, 141.0], [165.0, 157.0], [152.0, 157.0]]}, {'text': '25', 'confidence': 0.999542236328125, 'text_region': [[152.0, 157.0], [165.0, 157.0], [165.0, 173.0], [152.0, 173.0]]}, {'text': '20', 'confidence': 0.9929570555686951, 'text_region': [[153.0, 173.0], [165.0, 173.0], [165.0, 189.0], [153.0, 189.0]]}, {'text': '15', 'confidence': 0.9988000392913818, 'text_region': [[152.0, 191.0], [164.0, 191.0], [164.0, 206.0], [152.0, 206.0]]}, {'text': '10', 'confidence': 0.9962539672851562, 'text_region': [[155.0, 205.0], [167.0, 210.0], [162.0, 225.0], [150.0, 221.0]]}, {'text': '投资年', 'confidence': 0.8487572073936462, 'text_region': [[300.0, 297.0], [324.0, 297.0], [324.0, 308.0], [300.0, 308.0]]}, {'text': '来源：Crunchbase，CB，中国信息通信研究院', 'confidence': 0.9946004152297974, 'text_region': [[295.0, 327.0], [505.0, 327.0], [505.0, 341.0], [295.0, 341.0]]}]
Page: 11, Bounding Box: [203, 349, 399, 363], Text: [{'text': '图4脑机接口企业获得投资金额趋势', 'confidence': 0.9922287464141846, 'text_region': [[201.0, 348.0], [394.0, 348.0], [394.0, 365.0], [201.0, 365.0]]}]
