Page: 44, Bounding Box: [104, 332, 511, 655], Text: {'cell_bbox': [[10.954692840576172, 3.493192195892334, 404.337646484375, 3.8729820251464844, 404.4074401855469, 70.24304962158203, 10.92902946472168, 69.07804107666016], [5.638324737548828, 104.86323547363281, 401.47259521484375, 106.897705078125, 401.74114990234375, 224.02511596679688, 5.917346000671387, 222.76885986328125], [5.235481262207031, 207.54037475585938, 401.62103271484375, 205.94387817382812, 401.5644836425781, 320.3222961425781, 5.2018537521362305, 320.3960266113281]], 'html': '<html><body><table><tr><td>案例11：生态圈及供应链发展-向第三方提供用户个人信息的 管理规定 1．确定提供原则：合规前提、最小必要、安全审慎、严格限制用</td></tr><tr><td>途、获得用户授权、禁止高保密级别个保数据等 2.建立管理制度：建立并依据《对外数据披露规范》和《API数 据管理规范》、《第三方个人信息保护能力评估表》等第三方 信息使用和留存方面的管理和要求</td></tr><tr><td>“生态圈及供应商监督管理措施”信息披露实践同样较弱， 仅18.18%报告披露了企业在个人信息保护方面对生态伙伴/供应 商所开展的监督管理措施，且几乎没有定量化数据披露（如监督 措施实施的次数、 对象、效果、典型案例等）</td></tr></table></body></html>'}
Page: 44, Bounding Box: [111, 671, 508, 766], Text: {'cell_bbox': [[1.8078079223632812, 1.3467748165130615, 367.91619873046875, 1.3943694829940796, 369.12750244140625, 32.37371063232422, 1.8296449184417725, 33.087677001953125], [5.359864234924316, 28.02409553527832, 386.6709289550781, 27.038524627685547, 387.0511779785156, 87.64823913574219, 5.511791229248047, 87.94701385498047]], 'html': '<html><body><table><tr><td>案例12:生态圈及供应链发展-生态圈及供应商监督管理措施</td></tr><tr><td>1.建立管理制度：建立《开发者安全能力标准》、《生态合作伙 伴安全管理规范》，对获取授权用户个人信息的商户、服务商、</td></tr></table></body></html>'}
