Page: 38, Bounding Box: [111, 198, 508, 424], Text: [{'text': '5.12', 'confidence': 0.9997707605361938, 'text_region': [[144.0, 214.0], [164.0, 214.0], [164.0, 226.0], [144.0, 226.0]]}, {'text': '5.22', 'confidence': 0.9991645812988281, 'text_region': [[206.0, 212.0], [225.0, 212.0], [225.0, 224.0], [206.0, 224.0]]}, {'text': '5.32', 'confidence': 0.9966767430305481, 'text_region': [[267.0, 208.0], [286.0, 208.0], [286.0, 221.0], [267.0, 221.0]]}, {'text': '5.44', 'confidence': 0.993701696395874, 'text_region': [[328.0, 206.0], [347.0, 206.0], [347.0, 218.0], [328.0, 218.0]]}, {'text': '4.38', 'confidence': 0.9176019430160522, 'text_region': [[454.0, 236.0], [468.0, 236.0], [468.0, 244.0], [454.0, 244.0]]}, {'text': '2017', 'confidence': 0.9997751116752625, 'text_region': [[144.0, 372.0], [164.0, 372.0], [164.0, 384.0], [144.0, 384.0]]}, {'text': '2018', 'confidence': 0.9996656179428101, 'text_region': [[206.0, 373.0], [224.0, 373.0], [224.0, 382.0], [206.0, 382.0]]}, {'text': '2019', 'confidence': 0.999377429485321, 'text_region': [[268.0, 374.0], [287.0, 374.0], [287.0, 382.0], [268.0, 382.0]]}, {'text': '2020', 'confidence': 0.9381898641586304, 'text_region': [[330.0, 374.0], [346.0, 374.0], [346.0, 382.0], [330.0, 382.0]]}, {'text': '2021', 'confidence': 0.9997029304504395, 'text_region': [[390.0, 373.0], [409.0, 373.0], [409.0, 382.0], [390.0, 382.0]]}, {'text': '2022', 'confidence': 0.9995458126068115, 'text_region': [[451.0, 371.0], [472.0, 371.0], [472.0, 384.0], [451.0, 384.0]]}, {'text': '增长率', 'confidence': 0.9529805779457092, 'text_region': [[387.0, 382.0], [425.0, 382.0], [425.0, 392.0], [387.0, 392.0]]}, {'text': '来源：中国银行业协会', 'confidence': 0.9940495491027832, 'text_region': [[409.0, 405.0], [506.0, 405.0], [506.0, 419.0], [409.0, 419.0]]}]
Page: 38, Bounding Box: [189, 428, 407, 441], Text: [{'text': '图5历年银行客服中心从业人数及增长率', 'confidence': 0.9970180988311768, 'text_region': [[185.0, 426.0], [409.0, 426.0], [409.0, 443.0], [185.0, 443.0]]}]
