Page: 21, Bounding Box: [84, 483, 510, 703], Text: [{'text': '广东省', 'confidence': 0.9999473690986633, 'text_region': [[135.0, 495.0], [171.0, 495.0], [171.0, 509.0], [135.0, 509.0]]}, {'text': '河北省', 'confidence': 0.9998636245727539, 'text_region': [[135.0, 513.0], [171.0, 513.0], [171.0, 527.0], [135.0, 527.0]]}, {'text': '上海市', 'confidence': 0.9997038841247559, 'text_region': [[136.0, 530.0], [171.0, 530.0], [171.0, 544.0], [136.0, 544.0]]}, {'text': '宁夏回族自治区', 'confidence': 0.9991685748100281, 'text_region': [[95.0, 547.0], [169.0, 547.0], [169.0, 562.0], [95.0, 562.0]]}, {'text': '内蒙古自治区', 'confidence': 0.9989967942237854, 'text_region': [[106.0, 566.0], [170.0, 566.0], [170.0, 580.0], [106.0, 580.0]]}, {'text': '江苏省', 'confidence': 0.9999909400939941, 'text_region': [[135.0, 583.0], [170.0, 583.0], [170.0, 598.0], [135.0, 598.0]]}, {'text': '北京市', 'confidence': 0.9997527003288269, 'text_region': [[135.0, 600.0], [171.0, 600.0], [171.0, 615.0], [135.0, 615.0]]}, {'text': '甘肃省', 'confidence': 0.9996814727783203, 'text_region': [[134.0, 618.0], [171.0, 618.0], [171.0, 633.0], [134.0, 633.0]]}, {'text': '湖北省', 'confidence': 0.999589204788208, 'text_region': [[135.0, 635.0], [170.0, 635.0], [170.0, 650.0], [135.0, 650.0]]}, {'text': '安徽省', 'confidence': 0.9144372940063477, 'text_region': [[134.0, 653.0], [173.0, 653.0], [173.0, 668.0], [134.0, 668.0]]}, {'text': '40.0', 'confidence': 0.9982343912124634, 'text_region': [[163.0, 676.0], [185.0, 676.0], [185.0, 688.0], [163.0, 688.0]]}, {'text': '45.0', 'confidence': 0.9998037219047546, 'text_region': [[214.0, 675.0], [239.0, 675.0], [239.0, 690.0], [214.0, 690.0]]}, {'text': '50.0', 'confidence': 0.9992994070053101, 'text_region': [[268.0, 676.0], [291.0, 676.0], [291.0, 688.0], [268.0, 688.0]]}, {'text': '55.0', 'confidence': 0.9995324015617371, 'text_region': [[321.0, 676.0], [343.0, 676.0], [343.0, 688.0], [321.0, 688.0]]}, {'text': '60.0', 'confidence': 0.9992411136627197, 'text_region': [[373.0, 676.0], [395.0, 676.0], [395.0, 688.0], [373.0, 688.0]]}, {'text': '65.0', 'confidence': 0.9996948838233948, 'text_region': [[425.0, 676.0], [448.0, 676.0], [448.0, 688.0], [425.0, 688.0]]}, {'text': '70.0', 'confidence': 0.9995661973953247, 'text_region': [[478.0, 675.0], [502.0, 675.0], [502.0, 690.0], [478.0, 690.0]]}, {'text': '来源：中国信通院', 'confidence': 0.999785840511322, 'text_region': [[404.0, 701.0], [500.0, 701.0], [500.0, 715.0], [404.0, 715.0]]}]
Page: 21, Bounding Box: [204, 716, 385, 729], Text: [{'text': '图7算力质效评价结果Top10省份', 'confidence': 0.9961200952529907, 'text_region': [[203.0, 717.0], [385.0, 717.0], [385.0, 731.0], [203.0, 731.0]]}]
