Page: 9, Bounding Box: [10, 117, 116, 210], Text: [{'text': 'McKinsey Insights App', 'confidence': 0.9985460638999939, 'text_region': [[5.0, 103.0], [108.0, 106.0], [107.0, 120.0], [5.0, 117.0]]}, {'text': '口', 'confidence': 0.9812076091766357, 'text_region': [[18.0, 185.0], [32.0, 185.0], [32.0, 197.0], [18.0, 197.0]]}]
Page: 9, Bounding Box: [7, 93, 111, 117], Text: [{'text': 'McKinsey Insights App', 'confidence': 0.9985460638999939, 'text_region': [[5.0, 103.0], [108.0, 106.0], [107.0, 120.0], [5.0, 117.0]]}, {'text': 'Find', 'confidence': 0.999222993850708, 'text_region': [[12.0, 97.0], [25.0, 97.0], [25.0, 104.0], [12.0, 104.0]]}]
