Page: 19, Bounding Box: [19, 198, 465, 379], Text: [{'text': '【图2.14】患者援助项目捐赠金额按企业性质划分（2016VS2020）', 'confidence': 0.9625388383865356, 'text_region': [[32.0, 189.0], [312.0, 189.0], [312.0, 202.0], [32.0, 202.0]]}, {'text': '1.4% 0.2%6', 'confidence': 0.8808283805847168, 'text_region': [[101.0, 212.0], [145.0, 212.0], [145.0, 223.0], [101.0, 223.0]]}, {'text': '3.5%', 'confidence': 0.9964479207992554, 'text_region': [[324.0, 214.0], [342.0, 214.0], [342.0, 222.0], [324.0, 222.0]]}, {'text': '11.3%', 'confidence': 0.9992380142211914, 'text_region': [[293.0, 225.0], [315.0, 225.0], [315.0, 233.0], [293.0, 233.0]]}, {'text': '2016', 'confidence': 0.999885082244873, 'text_region': [[103.0, 284.0], [147.0, 284.0], [147.0, 303.0], [103.0, 303.0]]}, {'text': '2020', 'confidence': 0.9996867179870605, 'text_region': [[333.0, 284.0], [377.0, 284.0], [377.0, 303.0], [333.0, 303.0]]}, {'text': '98.4%', 'confidence': 0.9997226595878601, 'text_region': [[153.0, 361.0], [178.0, 361.0], [178.0, 372.0], [153.0, 372.0]]}, {'text': '85.2%', 'confidence': 0.9998135566711426, 'text_region': [[381.0, 361.0], [407.0, 361.0], [407.0, 372.0], [381.0, 372.0]]}]
Page: 19, Bounding Box: [34, 385, 142, 394], Text: [{'text': '■内资■合资', 'confidence': 0.965323269367218, 'text_region': [[33.0, 385.0], [102.0, 385.0], [102.0, 396.0], [33.0, 396.0]]}, {'text': '外资', 'confidence': 0.9995598793029785, 'text_region': [[116.0, 385.0], [143.0, 385.0], [143.0, 396.0], [116.0, 396.0]]}]
