Page: 31, Bounding Box: [104, 446, 498, 678], Text: [{'text': '单位：个', 'confidence': 0.9993162155151367, 'text_region': [[119.0, 464.0], [159.0, 464.0], [159.0, 478.0], [119.0, 478.0]]}, {'text': '26', 'confidence': 0.9992378950119019, 'text_region': [[121.0, 481.0], [130.0, 481.0], [130.0, 490.0], [121.0, 490.0]]}, {'text': '24', 'confidence': 0.9989643096923828, 'text_region': [[121.0, 491.0], [130.0, 491.0], [130.0, 500.0], [121.0, 500.0]]}, {'text': '20', 'confidence': 0.9994850754737854, 'text_region': [[119.0, 510.0], [131.0, 510.0], [131.0, 525.0], [119.0, 525.0]]}, {'text': '18', 'confidence': 0.9992434978485107, 'text_region': [[120.0, 522.0], [131.0, 522.0], [131.0, 536.0], [120.0, 536.0]]}, {'text': '1', 'confidence': 0.6841409802436829, 'text_region': [[120.0, 534.0], [131.0, 534.0], [131.0, 558.0], [120.0, 558.0]]}, {'text': '10', 'confidence': 0.9804143905639648, 'text_region': [[122.0, 568.0], [130.0, 568.0], [130.0, 578.0], [122.0, 578.0]]}, {'text': '苏浙江山东福建河南湖南湖北内蒙安徽河北江西陕西广东宁夏新疆辽宁贵州云南', 'confidence': 0.9827647805213928, 'text_region': [[146.0, 634.0], [472.0, 634.0], [472.0, 647.0], [146.0, 647.0]]}, {'text': '2019年2020年2021年2022年2023年', 'confidence': 0.9994562268257141, 'text_region': [[198.0, 652.0], [402.0, 653.0], [402.0, 668.0], [198.0, 667.0]]}]
Page: 31, Bounding Box: [295, 687, 505, 721], Text: [{'text': '来源：中国信息通信研究院根据统计数据整理', 'confidence': 0.9972867965698242, 'text_region': [[296.0, 686.0], [506.0, 686.0], [506.0, 700.0], [296.0, 700.0]]}, {'text': '图122023年中国工业百强县（市）分省域分布图', 'confidence': 0.9823535084724426, 'text_region': [[159.0, 708.0], [429.0, 709.0], [429.0, 723.0], [159.0, 722.0]]}]
