Page: 10, Bounding Box: [102, 85, 510, 320], Text: [{'text': '无线经济占GDP比重', 'confidence': 0.9988067746162415, 'text_region': [[242.0, 92.0], [361.0, 92.0], [361.0, 106.0], [242.0, 106.0]]}, {'text': '单位：亿元', 'confidence': 0.9971631765365601, 'text_region': [[118.0, 102.0], [172.0, 102.0], [172.0, 116.0], [118.0, 116.0]]}, {'text': '7.0', 'confidence': 0.954179048538208, 'text_region': [[116.0, 113.0], [132.0, 117.0], [130.0, 129.0], [114.0, 126.0]]}, {'text': '.3%', 'confidence': 0.959533154964447, 'text_region': [[164.0, 167.0], [177.0, 167.0], [177.0, 175.0], [164.0, 175.0]]}, {'text': '.', 'confidence': 0.7337777018547058, 'text_region': [[119.0, 185.0], [127.0, 185.0], [127.0, 191.0], [119.0, 191.0]]}, {'text': '3.0%', 'confidence': 0.9769985675811768, 'text_region': [[469.0, 184.0], [485.0, 184.0], [485.0, 192.0], [469.0, 192.0]]}, {'text': '0.0', 'confidence': 0.9943472743034363, 'text_region': [[117.0, 248.0], [129.0, 248.0], [129.0, 258.0], [117.0, 258.0]]}, {'text': '2022', 'confidence': 0.9916732907295227, 'text_region': [[412.0, 254.0], [438.0, 258.0], [436.0, 273.0], [410.0, 269.0]]}, {'text': '0.0%', 'confidence': 0.9997180700302124, 'text_region': [[468.0, 247.0], [486.0, 247.0], [486.0, 259.0], [468.0, 259.0]]}, {'text': '2018', 'confidence': 0.999798595905304, 'text_region': [[160.0, 259.0], [181.0, 259.0], [181.0, 271.0], [160.0, 271.0]]}, {'text': '2019', 'confidence': 0.9998263716697693, 'text_region': [[224.0, 259.0], [245.0, 259.0], [245.0, 271.0], [224.0, 271.0]]}, {'text': '2020', 'confidence': 0.9997438788414001, 'text_region': [[289.0, 259.0], [311.0, 259.0], [311.0, 271.0], [289.0, 271.0]]}, {'text': '2021', 'confidence': 0.997860848903656, 'text_region': [[351.0, 259.0], [376.0, 259.0], [376.0, 270.0], [351.0, 270.0]]}, {'text': '无线产业规模', 'confidence': 0.9905800223350525, 'text_region': [[177.0, 280.0], [237.0, 280.0], [237.0, 290.0], [177.0, 290.0]]}, {'text': '无线赋能规模', 'confidence': 0.9520621299743652, 'text_region': [[272.0, 280.0], [330.0, 280.0], [330.0, 291.0], [272.0, 291.0]]}, {'text': '无线经济占GDP比重', 'confidence': 0.969946563243866, 'text_region': [[367.0, 277.0], [448.0, 277.0], [448.0, 290.0], [367.0, 290.0]]}, {'text': '来源：中国信息通信研究院', 'confidence': 0.9976280331611633, 'text_region': [[378.0, 308.0], [507.0, 308.0], [507.0, 322.0], [378.0, 322.0]]}]
Page: 10, Bounding Box: [215, 336, 380, 348], Text: [{'text': '图3我国无线经济占GDP比重', 'confidence': 0.9993284940719604, 'text_region': [[214.0, 336.0], [382.0, 336.0], [382.0, 350.0], [214.0, 350.0]]}]
