Page: 26, Bounding Box: [149, 73, 516, 277], Text: [{'text': '港联合交易所《坏境', 'confidence': 0.744045078754425, 'text_region': [[172.0, 79.0], [236.0, 79.0], [236.0, 86.0], [172.0, 86.0]]}, {'text': '持续性会计', 'confidence': 0.9647536277770996, 'text_region': [[175.0, 157.0], [210.0, 157.0], [210.0, 164.0], [175.0, 164.0]]}, {'text': '委员全（SAS8', 'confidence': 0.7546799182891846, 'text_region': [[225.0, 156.0], [264.0, 156.0], [264.0, 166.0], [225.0, 166.0]]}, {'text': '气候相关财务信息披累工作组（TCFD', 'confidence': 0.7879350185394287, 'text_region': [[170.0, 181.0], [278.0, 182.0], [278.0, 193.0], [170.0, 192.0]]}, {'text': 'L 0/5. 0', 'confidence': 0.924872875213623, 'text_region': [[198.0, 210.0], [219.0, 210.0], [219.0, 218.0], [198.0, 218.0]]}, {'text': '4.08%', 'confidence': 0.9578092694282532, 'text_region': [[171.0, 221.0], [193.0, 221.0], [193.0, 229.0], [171.0, 229.0]]}]
Page: 26, Bounding Box: [201, 281, 504, 316], Text: [{'text': '来源：中国信息通信研究院整理', 'confidence': 0.9990701675415039, 'text_region': [[353.0, 280.0], [505.0, 280.0], [505.0, 294.0], [353.0, 294.0]]}, {'text': '图9指标索引式信息披露参照依据及披露占比', 'confidence': 0.9725066423416138, 'text_region': [[200.0, 304.0], [441.0, 304.0], [441.0, 318.0], [200.0, 318.0]]}]
