Page: 13, Bounding Box: [80, 69, 512, 266], Text: [{'text': '电子管计算机', 'confidence': 0.7073131203651428, 'text_region': [[136.0, 108.0], [176.0, 108.0], [176.0, 126.0], [136.0, 126.0]]}, {'text': '机', 'confidence': 0.5186683535575867, 'text_region': [[198.0, 109.0], [220.0, 109.0], [220.0, 125.0], [198.0, 125.0]]}, {'text': '个人期机', 'confidence': 0.555050790309906, 'text_region': [[297.0, 108.0], [331.0, 108.0], [331.0, 126.0], [297.0, 126.0]]}, {'text': '电子营，晶体管', 'confidence': 0.7049161195755005, 'text_region': [[137.0, 133.0], [178.0, 133.0], [178.0, 143.0], [137.0, 143.0]]}, {'text': '早期专用集成电', 'confidence': 0.8778062462806702, 'text_region': [[185.0, 132.0], [226.0, 132.0], [226.0, 142.0], [185.0, 142.0]]}, {'text': '16/32位 CPU', 'confidence': 0.9435274004936218, 'text_region': [[244.0, 132.0], [279.0, 132.0], [279.0, 143.0], [244.0, 143.0]]}, {'text': '12/4位CP', 'confidence': 0.8286408185958862, 'text_region': [[298.0, 134.0], [329.0, 134.0], [329.0, 141.0], [298.0, 141.0]]}, {'text': '租序设计请言', 'confidence': 0.6436522603034973, 'text_region': [[191.0, 165.0], [226.0, 165.0], [226.0, 176.0], [191.0, 176.0]]}, {'text': '卓面提作系的', 'confidence': 0.7484483122825623, 'text_region': [[244.0, 158.0], [279.0, 158.0], [279.0, 169.0], [244.0, 169.0]]}, {'text': 'ENIAC', 'confidence': 0.9817080497741699, 'text_region': [[145.0, 180.0], [168.0, 180.0], [168.0, 196.0], [145.0, 196.0]]}, {'text': 'PB-30', 'confidence': 0.5332177877426147, 'text_region': [[192.0, 183.0], [224.0, 180.0], [226.0, 199.0], [193.0, 202.0]]}, {'text': 'ThinkPad 700', 'confidence': 0.9386558532714844, 'text_region': [[293.0, 185.0], [330.0, 185.0], [330.0, 195.0], [293.0, 195.0]]}, {'text': 'NOWA1200', 'confidence': 0.9881212711334229, 'text_region': [[193.0, 199.0], [225.0, 199.0], [225.0, 209.0], [193.0, 209.0]]}, {'text': 'lntel Xeo', 'confidence': 0.7569987177848816, 'text_region': [[296.0, 197.0], [324.0, 197.0], [324.0, 208.0], [296.0, 208.0]]}, {'text': '表技术', 'confidence': 0.7557241320610046, 'text_region': [[100.0, 232.0], [121.0, 232.0], [121.0, 240.0], [100.0, 240.0]]}, {'text': '电子管技术', 'confidence': 0.9618059992790222, 'text_region': [[141.0, 224.0], [172.0, 224.0], [172.0, 239.0], [141.0, 239.0]]}, {'text': '字计算机', 'confidence': 0.8270660042762756, 'text_region': [[143.0, 240.0], [171.0, 240.0], [171.0, 247.0], [143.0, 247.0]]}, {'text': '中国信息通信研究院', 'confidence': 0.9982914328575134, 'text_region': [[407.0, 265.0], [506.0, 265.0], [506.0, 278.0], [407.0, 278.0]]}]
Page: 13, Bounding Box: [211, 288, 382, 300], Text: [{'text': '图3先进计算进入智能计算时代', 'confidence': 0.9997748136520386, 'text_region': [[211.0, 287.0], [384.0, 287.0], [384.0, 301.0], [211.0, 301.0]]}]
