Page: 65, Bounding Box: [103, 253, 512, 501], Text: {'cell_bbox': [[23.70303726196289, 2.5890300273895264, 396.8886413574219, 2.841837167739868, 396.673095703125, 30.660688400268555, 22.67564582824707, 29.88251495361328], [6.694868564605713, 51.19562530517578, 406.7291259765625, 50.97126007080078, 406.8124694824219, 181.22842407226562, 6.981115341186523, 182.98989868164062], [7.7894744873046875, 182.1311492919922, 406.3852233886719, 181.57052612304688, 406.3712463378906, 246.17112731933594, 7.834036827087402, 246.19393920898438]], 'html': '<html><body><table><tr><td>1．基于主营业务协同开展：通过游戏输出低碳理念、鼓励创作者</td></tr><tr><td>生产绿色科普视频、培训课程教学、相关公益直播 2．基于主营业务独立开展：设立碳账户、打造个人碳积分、设置 创意大赛环保创作赛道、开发减排方法学并根据用户行为核算 减碳量、开设公益项目</td></tr><tr><td>“产业减碳赋能”披露率为25%，互联网行业基于面向产业 的平台属性及数字技术优势，主要通过主营业务带动和数字技术</td></tr></table></body></html>'}
Page: 65, Bounding Box: [103, 530, 514, 697], Text: {'cell_bbox': [[5.053882598876953, 3.7567315101623535, 399.5849609375, 3.939842700958252, 399.7840270996094, 44.51233673095703, 4.996497631072998, 44.66293716430664], [5.322066783905029, 39.31306838989258, 406.5030517578125, 38.89554214477539, 406.595458984375, 149.12033081054688, 5.433255672454834, 149.3301239013672]], 'html': '<html><body><table><tr><td>案例10:减碳赋能-产业减碳赋能</td></tr><tr><td>1．主营业务带动：在线办公服务、云计算服务、小微企业绿色评 级及绿色贷款服务、废旧电池回收体系建设 2.数字技术赋能：能源数字化平台、企业碳中和管理平台、低碳 城市发展模型、数字化物流、低碳智慧工厂</td></tr></table></body></html>'}
