Page: 5, Bounding Box: [89, 106, 517, 359], Text: [{'text': '图1国外政府资助的脑机接口立项金额（2013-2022期间）', 'confidence': 0.9858800172805786, 'text_region': [[90.0, 109.0], [392.0, 109.0], [392.0, 122.0], [90.0, 122.0]]}, {'text': '图2历年各技术路线新增脑机接口企业数量', 'confidence': 0.9996221661567688, 'text_region': [[91.0, 132.0], [318.0, 132.0], [318.0, 146.0], [91.0, 146.0]]}, {'text': '图3历年重点国家新增脑机接口企业数量', 'confidence': 0.9995324015617371, 'text_region': [[89.0, 155.0], [306.0, 155.0], [306.0, 169.0], [89.0, 169.0]]}, {'text': '图4脑机接口企业获得投资金额趋势，', 'confidence': 0.968677282333374, 'text_region': [[90.0, 179.0], [286.0, 179.0], [286.0, 192.0], [90.0, 192.0]]}, {'text': '图5植入式技术路线企业获投情况..', 'confidence': 0.9604540467262268, 'text_region': [[90.0, 203.0], [289.0, 203.0], [289.0, 216.0], [90.0, 216.0]]}, {'text': '图6非植入式技术路线企业获投情况.', 'confidence': 0.9689850807189941, 'text_region': [[90.0, 225.0], [301.0, 225.0], [301.0, 239.0], [90.0, 239.0]]}, {'text': '8', 'confidence': 0.9936431646347046, 'text_region': [[496.0, 228.0], [505.0, 228.0], [505.0, 236.0], [496.0, 236.0]]}, {'text': '图7常规ECoG和uECoG阵列比较', 'confidence': 0.9803934097290039, 'text_region': [[90.0, 249.0], [276.0, 249.0], [276.0, 264.0], [90.0, 264.0]]}, {'text': '.10', 'confidence': 0.9652827382087708, 'text_region': [[489.0, 250.0], [506.0, 250.0], [506.0, 263.0], [489.0, 263.0]]}, {'text': '图8HILLC的光采集专利各受理局申请趋势', 'confidence': 0.988858699798584, 'text_region': [[90.0, 273.0], [323.0, 273.0], [323.0, 287.0], [90.0, 287.0]]}, {'text': '.. 19', 'confidence': 0.8812758326530457, 'text_region': [[485.0, 274.0], [506.0, 274.0], [506.0, 286.0], [485.0, 286.0]]}, {'text': '图9脑机接口下游应用解决方案企业研发方向', 'confidence': 0.9994858503341675, 'text_region': [[89.0, 295.0], [328.0, 294.0], [328.0, 308.0], [89.0, 309.0]]}, {'text': '.21', 'confidence': 0.9882256388664246, 'text_region': [[488.0, 297.0], [505.0, 297.0], [505.0, 308.0], [488.0, 308.0]]}, {'text': '图10热点应用方向的脑机接口企业国家分布', 'confidence': 0.9994485974311829, 'text_region': [[90.0, 319.0], [324.0, 319.0], [324.0, 333.0], [90.0, 333.0]]}, {'text': '..21', 'confidence': 0.9110904932022095, 'text_region': [[487.0, 321.0], [505.0, 321.0], [505.0, 332.0], [487.0, 332.0]]}, {'text': '图11Orion的电极放置和植入部位.', 'confidence': 0.9797542095184326, 'text_region': [[90.0, 342.0], [275.0, 342.0], [275.0, 357.0], [90.0, 357.0]]}, {'text': '24', 'confidence': 0.9994629621505737, 'text_region': [[490.0, 343.0], [506.0, 343.0], [506.0, 356.0], [490.0, 356.0]]}]
Page: 5, Bounding Box: [267, 415, 322, 431], Text: [{'text': '表目录', 'confidence': 0.9997081756591797, 'text_region': [[265.0, 415.0], [323.0, 415.0], [323.0, 433.0], [265.0, 433.0]]}]
