Page: 29, Bounding Box: [133, 168, 479, 378], Text: [{'text': '治理-—治理体系', 'confidence': 0.8806164264678955, 'text_region': [[151.0, 175.0], [218.0, 175.0], [218.0, 189.0], [151.0, 189.0]]}, {'text': '92.31%', 'confidence': 0.9949362874031067, 'text_region': [[409.0, 186.0], [438.0, 186.0], [438.0, 196.0], [409.0, 196.0]]}, {'text': '97.06%', 'confidence': 0.9836129546165466, 'text_region': [[422.0, 197.0], [451.0, 197.0], [451.0, 208.0], [422.0, 208.0]]}, {'text': '治理-社会责任/ESG管理', 'confidence': 0.9537586569786072, 'text_region': [[151.0, 212.0], [256.0, 212.0], [256.0, 226.0], [151.0, 226.0]]}, {'text': '治理-风险/合规/内控管理', 'confidence': 0.9863613843917847, 'text_region': [[151.0, 249.0], [266.0, 249.0], [266.0, 262.0], [151.0, 262.0]]}, {'text': '77.42%', 'confidence': 0.9870395660400391, 'text_region': [[370.0, 260.0], [397.0, 260.0], [397.0, 270.0], [370.0, 270.0]]}, {'text': '80.95%', 'confidence': 0.9373865127563477, 'text_region': [[379.0, 267.0], [408.0, 269.0], [407.0, 282.0], [378.0, 279.0]]}, {'text': '治理--商业道德', 'confidence': 0.8668081760406494, 'text_region': [[151.0, 285.0], [219.0, 285.0], [219.0, 300.0], [151.0, 300.0]]}, {'text': '5.76%', 'confidence': 0.8588862419128418, 'text_region': [[371.0, 308.0], [390.0, 308.0], [390.0, 315.0], [371.0, 315.0]]}, {'text': '20%', 'confidence': 0.9964115023612976, 'text_region': [[197.0, 329.0], [216.0, 329.0], [216.0, 341.0], [197.0, 341.0]]}, {'text': '40%', 'confidence': 0.9973046779632568, 'text_region': [[254.0, 329.0], [271.0, 329.0], [271.0, 341.0], [254.0, 341.0]]}, {'text': '100%', 'confidence': 0.993458092212677, 'text_region': [[419.0, 329.0], [438.0, 329.0], [438.0, 341.0], [419.0, 341.0]]}, {'text': '20212022', 'confidence': 0.9961055517196655, 'text_region': [[286.0, 345.0], [334.0, 345.0], [334.0, 355.0], [286.0, 355.0]]}, {'text': '来源：中国信息通信研究院整理', 'confidence': 0.9990127682685852, 'text_region': [[358.0, 374.0], [505.0, 374.0], [505.0, 388.0], [358.0, 388.0]]}]
Page: 29, Bounding Box: [161, 374, 504, 406], Text: [{'text': '来源：中国信息通信研究院整理', 'confidence': 0.9990127682685852, 'text_region': [[358.0, 374.0], [505.0, 374.0], [505.0, 388.0], [358.0, 388.0]]}, {'text': '图12互联网行业治理议题各核心主题信息披露程度占比', 'confidence': 0.9915286898612976, 'text_region': [[159.0, 391.0], [458.0, 392.0], [458.0, 409.0], [159.0, 408.0]]}]
