Page: 73, Bounding Box: [128, 391, 469, 661], Text: [{'text': '单位：个', 'confidence': 0.9940899610519409, 'text_region': [[144.0, 398.0], [177.0, 398.0], [177.0, 413.0], [144.0, 413.0]]}, {'text': '180', 'confidence': 0.999785840511322, 'text_region': [[145.0, 417.0], [163.0, 417.0], [163.0, 430.0], [145.0, 430.0]]}, {'text': '160', 'confidence': 0.9997000694274902, 'text_region': [[145.0, 440.0], [163.0, 440.0], [163.0, 452.0], [145.0, 452.0]]}, {'text': '140', 'confidence': 0.9994519352912903, 'text_region': [[145.0, 463.0], [163.0, 463.0], [163.0, 476.0], [145.0, 476.0]]}, {'text': '120', 'confidence': 0.9996708035469055, 'text_region': [[145.0, 486.0], [163.0, 486.0], [163.0, 499.0], [145.0, 499.0]]}, {'text': '1:20', 'confidence': 0.8704231977462769, 'text_region': [[378.0, 481.0], [392.0, 481.0], [392.0, 489.0], [378.0, 489.0]]}, {'text': '104', 'confidence': 0.9979414939880371, 'text_region': [[189.0, 499.0], [202.0, 499.0], [202.0, 507.0], [189.0, 507.0]]}, {'text': '104', 'confidence': 0.9996536374092102, 'text_region': [[315.0, 497.0], [331.0, 497.0], [331.0, 508.0], [315.0, 508.0]]}, {'text': '100', 'confidence': 0.9995710253715515, 'text_region': [[145.0, 508.0], [163.0, 508.0], [163.0, 521.0], [145.0, 521.0]]}, {'text': '80', 'confidence': 0.9689851999282837, 'text_region': [[147.0, 532.0], [161.0, 528.0], [164.0, 541.0], [151.0, 545.0]]}, {'text': '60', 'confidence': 0.999506950378418, 'text_region': [[151.0, 556.0], [162.0, 556.0], [162.0, 566.0], [151.0, 566.0]]}, {'text': '40', 'confidence': 0.7398927211761475, 'text_region': [[153.0, 576.0], [163.0, 579.0], [160.0, 589.0], [150.0, 585.0]]}, {'text': '20', 'confidence': 0.9989136457443237, 'text_region': [[151.0, 602.0], [161.0, 602.0], [161.0, 610.0], [151.0, 610.0]]}, {'text': '折江', 'confidence': 0.8124741315841675, 'text_region': [[206.0, 632.0], [219.0, 632.0], [219.0, 640.0], [206.0, 640.0]]}, {'text': '河南', 'confidence': 0.9989164471626282, 'text_region': [[298.0, 631.0], [315.0, 631.0], [315.0, 642.0], [298.0, 642.0]]}, {'text': '四川I', 'confidence': 0.9702746272087097, 'text_region': [[393.0, 631.0], [410.0, 631.0], [410.0, 642.0], [393.0, 642.0]]}, {'text': '全省省级产业园区', 'confidence': 0.9807220697402954, 'text_region': [[216.0, 645.0], [286.0, 645.0], [286.0, 655.0], [216.0, 655.0]]}, {'text': '县（市）省级产业园区', 'confidence': 0.9674267768859863, 'text_region': [[290.0, 643.0], [381.0, 643.0], [381.0, 656.0], [290.0, 656.0]]}]
Page: 73, Bounding Box: [162, 673, 505, 709], Text: [{'text': '来源：中国信息通信研究院根据统计数据整理', 'confidence': 0.9961758852005005, 'text_region': [[295.0, 674.0], [507.0, 674.0], [507.0, 687.0], [295.0, 687.0]]}, {'text': '图31东中西部代表性省份的省级产业园区分布情况', 'confidence': 0.9995254278182983, 'text_region': [[160.0, 697.0], [436.0, 697.0], [436.0, 711.0], [160.0, 711.0]]}]
