Page: 4, Bounding Box: [135, 475, 554, 550], Text: [{'text': 'Expected increase in risk expo?', 'confidence': 0.9735596776008606, 'text_region': [[137.0, 475.0], [265.0, 475.0], [265.0, 488.0], [137.0, 488.0]]}, {'text': 'ure in the next 3 years, select examples, %', 'confidence': 0.981022834777832, 'text_region': [[270.0, 475.0], [443.0, 475.0], [443.0, 488.0], [270.0, 488.0]]}, {'text': 'Endpoints', 'confidence': 0.987396240234375, 'text_region': [[161.0, 533.0], [204.0, 536.0], [203.0, 550.0], [160.0, 547.0]]}, {'text': 'Identities', 'confidence': 0.9840184450149536, 'text_region': [[274.0, 535.0], [313.0, 535.0], [313.0, 548.0], [274.0, 548.0]]}, {'text': 'Cloud/workload', 'confidence': 0.9992661476135254, 'text_region': [[369.0, 536.0], [432.0, 536.0], [432.0, 546.0], [369.0, 546.0]]}, {'text': 'Internet of Things devices', 'confidence': 0.9991369843482971, 'text_region': [[457.0, 536.0], [555.0, 536.0], [555.0, 548.0], [457.0, 548.0]]}, {'text': '+30%', 'confidence': 0.9987567663192749, 'text_region': [[159.0, 548.0], [204.0, 548.0], [204.0, 566.0], [159.0, 566.0]]}, {'text': '+10%', 'confidence': 0.9989937543869019, 'text_region': [[272.0, 548.0], [314.0, 548.0], [314.0, 566.0], [272.0, 566.0]]}, {'text': '+7%', 'confidence': 0.9980683326721191, 'text_region': [[381.0, 548.0], [418.0, 548.0], [418.0, 567.0], [381.0, 567.0]]}, {'text': '+10%', 'confidence': 0.9988312125205994, 'text_region': [[485.0, 548.0], [527.0, 548.0], [527.0, 566.0], [485.0, 566.0]]}]
Page: 4, Bounding Box: [146, 572, 561, 620], Text: [{'text': 'Traditional perimeter', 'confidence': 0.9594147801399231, 'text_region': [[145.0, 603.0], [217.0, 605.0], [216.0, 619.0], [145.0, 617.0]]}, {'text': 'Modern perimeter', 'confidence': 0.9134676456451416, 'text_region': [[262.0, 604.0], [325.0, 604.0], [325.0, 618.0], [262.0, 618.0]]}, {'text': 'Expanding perimeter', 'confidence': 0.966400146484375, 'text_region': [[363.0, 603.0], [435.0, 606.0], [434.0, 620.0], [362.0, 617.0]]}, {'text': 'Expanding perimeter', 'confidence': 0.9964823722839355, 'text_region': [[472.0, 606.0], [541.0, 606.0], [541.0, 617.0], [472.0, 617.0]]}]
Page: 4, Bounding Box: [487, 551, 526, 563], Text: [{'text': '+10%', 'confidence': 0.9988312125205994, 'text_region': [[485.0, 548.0], [527.0, 548.0], [527.0, 566.0], [485.0, 566.0]]}]
