Page: 27, Bounding Box: [83, 69, 511, 338], Text: [{'text': '120.0', 'confidence': 0.9997962117195129, 'text_region': [[96.0, 81.0], [125.0, 81.0], [125.0, 96.0], [96.0, 96.0]]}, {'text': '200.0', 'confidence': 0.9986507296562195, 'text_region': [[466.0, 81.0], [497.0, 78.0], [498.0, 94.0], [467.0, 96.0]]}, {'text': '100.0', 'confidence': 0.9995818138122559, 'text_region': [[97.0, 112.0], [124.0, 112.0], [124.0, 125.0], [97.0, 125.0]]}, {'text': '180.0', 'confidence': 0.9971936941146851, 'text_region': [[471.0, 112.0], [497.0, 112.0], [497.0, 123.0], [471.0, 123.0]]}, {'text': '80.0', 'confidence': 0.999412477016449, 'text_region': [[102.0, 141.0], [124.0, 141.0], [124.0, 154.0], [102.0, 154.0]]}, {'text': '160.0', 'confidence': 0.9976150393486023, 'text_region': [[471.0, 141.0], [496.0, 141.0], [496.0, 154.0], [471.0, 154.0]]}, {'text': '60.0', 'confidence': 0.9996356964111328, 'text_region': [[101.0, 170.0], [125.0, 170.0], [125.0, 185.0], [101.0, 185.0]]}, {'text': '140.0', 'confidence': 0.9981184005737305, 'text_region': [[469.0, 167.0], [499.0, 171.0], [497.0, 186.0], [467.0, 182.0]]}, {'text': '40.0', 'confidence': 0.9996240139007568, 'text_region': [[101.0, 200.0], [124.0, 200.0], [124.0, 215.0], [101.0, 215.0]]}, {'text': '120.0', 'confidence': 0.9989754557609558, 'text_region': [[471.0, 201.0], [496.0, 201.0], [496.0, 213.0], [471.0, 213.0]]}, {'text': '20.0', 'confidence': 0.9995755553245544, 'text_region': [[101.0, 229.0], [124.0, 229.0], [124.0, 244.0], [101.0, 244.0]]}, {'text': '100.0', 'confidence': 0.9962075352668762, 'text_region': [[472.0, 231.0], [496.0, 231.0], [496.0, 242.0], [472.0, 242.0]]}, {'text': '存量（EB）', 'confidence': 0.9394025802612305, 'text_region': [[208.0, 310.0], [270.0, 310.0], [270.0, 324.0], [208.0, 324.0]]}, {'text': '单机架存力（TB/架）', 'confidence': 0.9859453439712524, 'text_region': [[295.0, 309.0], [390.0, 309.0], [390.0, 323.0], [295.0, 323.0]]}, {'text': '来源：中国信通院', 'confidence': 0.9998054504394531, 'text_region': [[404.0, 337.0], [501.0, 337.0], [501.0, 351.0], [404.0, 351.0]]}]
Page: 27, Bounding Box: [196, 354, 394, 367], Text: [{'text': '图12存储总体容量与单机架存力情况', 'confidence': 0.9940104484558105, 'text_region': [[194.0, 355.0], [395.0, 355.0], [395.0, 369.0], [194.0, 369.0]]}]
