Page: 8, Bounding Box: [103, 390, 526, 580], Text: [{'text': '1788', 'confidence': 0.9984573125839233, 'text_region': [[275.0, 394.0], [297.0, 394.0], [297.0, 406.0], [275.0, 406.0]]}, {'text': '1407', 'confidence': 0.9996613264083862, 'text_region': [[128.0, 421.0], [151.0, 421.0], [151.0, 432.0], [128.0, 432.0]]}, {'text': '1540', 'confidence': 0.9998936057090759, 'text_region': [[200.0, 412.0], [224.0, 412.0], [224.0, 423.0], [200.0, 423.0]]}, {'text': '1545', 'confidence': 0.9998854398727417, 'text_region': [[237.0, 412.0], [260.0, 412.0], [260.0, 423.0], [237.0, 423.0]]}, {'text': '1406', 'confidence': 0.9995867013931274, 'text_region': [[165.0, 423.0], [183.0, 423.0], [183.0, 431.0], [165.0, 431.0]]}, {'text': '1445', 'confidence': 0.99912029504776, 'text_region': [[314.0, 418.0], [337.0, 418.0], [337.0, 429.0], [314.0, 429.0]]}, {'text': '1330', 'confidence': 0.9998480081558228, 'text_region': [[349.0, 426.0], [372.0, 426.0], [372.0, 438.0], [349.0, 438.0]]}, {'text': '1102', 'confidence': 0.8161984086036682, 'text_region': [[390.0, 445.0], [408.0, 445.0], [408.0, 453.0], [390.0, 453.0]]}, {'text': '1077', 'confidence': 0.9995467662811279, 'text_region': [[422.0, 444.0], [444.0, 444.0], [444.0, 455.0], [422.0, 455.0]]}, {'text': '2021Q1 2021Q2 2021Q3 2021Q4 2022Q1 2022Q2 2022Q3 2022Q4 2023Q1 2023Q2', 'confidence': 0.9424871802330017, 'text_region': [[122.0, 541.0], [487.0, 541.0], [487.0, 555.0], [122.0, 555.0]]}, {'text': '来源：CBInsights', 'confidence': 0.9817981123924255, 'text_region': [[423.0, 563.0], [508.0, 564.0], [508.0, 578.0], [422.0, 577.0]]}]
Page: 8, Bounding Box: [102, 140, 516, 361], Text: [{'text': '282', 'confidence': 0.99690842628479, 'text_region': [[142.0, 176.0], [155.0, 176.0], [155.0, 185.0], [142.0, 185.0]]}, {'text': '2021Q1 2021Q2 2021Q3 2021Q4 2022Q1 2022Q2 2022Q3 2022Q4 2023Q12023Q2', 'confidence': 0.9440255761146545, 'text_region': [[133.0, 307.0], [507.0, 307.0], [507.0, 321.0], [133.0, 321.0]]}, {'text': '来源：CB Insights', 'confidence': 0.9631878137588501, 'text_region': [[423.0, 345.0], [507.0, 346.0], [507.0, 360.0], [422.0, 359.0]]}]
Page: 8, Bounding Box: [210, 587, 383, 599], Text: [{'text': '图2全球金融科技投融资交易数', 'confidence': 0.9994009733200073, 'text_region': [[209.0, 587.0], [385.0, 587.0], [385.0, 601.0], [209.0, 601.0]]}]
Page: 8, Bounding Box: [182, 369, 408, 382], Text: [{'text': '图1全球金融科技融资总体规模（亿美元）', 'confidence': 0.9978747963905334, 'text_region': [[180.0, 369.0], [411.0, 369.0], [411.0, 384.0], [180.0, 384.0]]}]
