Page: 20, Bounding Box: [86, 202, 510, 434], Text: [{'text': '300000', 'confidence': 0.9275496602058411, 'text_region': [[95.0, 209.0], [132.0, 211.0], [131.0, 227.0], [94.0, 224.0]]}, {'text': '25%', 'confidence': 0.9988662600517273, 'text_region': [[476.0, 213.0], [497.0, 213.0], [497.0, 225.0], [476.0, 225.0]]}, {'text': '250000', 'confidence': 0.9994315505027771, 'text_region': [[96.0, 238.0], [131.0, 238.0], [131.0, 252.0], [96.0, 252.0]]}, {'text': '20%', 'confidence': 0.997330367565155, 'text_region': [[476.0, 244.0], [497.0, 244.0], [497.0, 257.0], [476.0, 257.0]]}, {'text': '200000', 'confidence': 0.9985199570655823, 'text_region': [[97.0, 267.0], [129.0, 267.0], [129.0, 278.0], [97.0, 278.0]]}, {'text': '15%', 'confidence': 0.9945705533027649, 'text_region': [[477.0, 277.0], [497.0, 277.0], [497.0, 289.0], [477.0, 289.0]]}, {'text': '150000', 'confidence': 0.9996464848518372, 'text_region': [[96.0, 292.0], [131.0, 292.0], [131.0, 306.0], [96.0, 306.0]]}, {'text': '10%', 'confidence': 0.9990829825401306, 'text_region': [[477.0, 309.0], [497.0, 309.0], [497.0, 321.0], [477.0, 321.0]]}, {'text': '100000', 'confidence': 0.9991689324378967, 'text_region': [[97.0, 320.0], [130.0, 320.0], [130.0, 331.0], [97.0, 331.0]]}, {'text': '50000', 'confidence': 0.9921746253967285, 'text_region': [[101.0, 345.0], [131.0, 345.0], [131.0, 360.0], [101.0, 360.0]]}, {'text': '5%', 'confidence': 0.9993085861206055, 'text_region': [[477.0, 340.0], [492.0, 340.0], [492.0, 352.0], [477.0, 352.0]]}, {'text': '0%', 'confidence': 0.9990920424461365, 'text_region': [[476.0, 373.0], [492.0, 373.0], [492.0, 385.0], [476.0, 385.0]]}, {'text': '2014年2015年2016年2017年2018年2019年2020年2021年2022年', 'confidence': 0.9996893405914307, 'text_region': [[139.0, 386.0], [466.0, 387.0], [466.0, 401.0], [139.0, 400.0]]}, {'text': '收入（亿元）增加值（亿元）', 'confidence': 0.9953955411911011, 'text_region': [[134.0, 410.0], [292.0, 410.0], [292.0, 423.0], [134.0, 423.0]]}, {'text': '收入增速（%）', 'confidence': 0.9921289682388306, 'text_region': [[312.0, 410.0], [391.0, 410.0], [391.0, 423.0], [312.0, 423.0]]}, {'text': '增加值增速（%）', 'confidence': 0.9766222238540649, 'text_region': [[398.0, 410.0], [476.0, 410.0], [476.0, 423.0], [398.0, 423.0]]}]
Page: 20, Bounding Box: [141, 441, 459, 478], Text: [{'text': '数据来源：中国信息通信研究院、工业和信息化部、国家统计局', 'confidence': 0.9921618700027466, 'text_region': [[205.0, 441.0], [499.0, 441.0], [499.0, 456.0], [205.0, 456.0]]}, {'text': '图72014-2022年我国数字产业化收入、增加值规模及增速', 'confidence': 0.9970489740371704, 'text_region': [[141.0, 465.0], [448.0, 465.0], [448.0, 479.0], [141.0, 479.0]]}]
