Page: 11, Bounding Box: [85, 457, 505, 612], Text: [{'text': '3500', 'confidence': 0.9905626773834229, 'text_region': [[97.0, 462.0], [120.0, 462.0], [120.0, 477.0], [97.0, 477.0]]}, {'text': '量子信息科研论文数量', 'confidence': 0.9833369255065918, 'text_region': [[142.0, 465.0], [228.0, 465.0], [228.0, 479.0], [142.0, 479.0]]}, {'text': '2000', 'confidence': 0.9979015588760376, 'text_region': [[297.0, 463.0], [318.0, 466.0], [317.0, 477.0], [296.0, 474.0]]}, {'text': '量子信息专利申请数量', 'confidence': 0.9977037310600281, 'text_region': [[344.0, 466.0], [430.0, 466.0], [430.0, 479.0], [344.0, 479.0]]}, {'text': '3000', 'confidence': 0.9994688034057617, 'text_region': [[98.0, 476.0], [119.0, 476.0], [119.0, 488.0], [98.0, 488.0]]}, {'text': '2500', 'confidence': 0.9998157024383545, 'text_region': [[98.0, 489.0], [119.0, 489.0], [119.0, 502.0], [98.0, 502.0]]}, {'text': '量子计算★量子通信', 'confidence': 0.9366263151168823, 'text_region': [[122.0, 482.0], [214.0, 482.0], [214.0, 497.0], [122.0, 497.0]]}, {'text': '2000', 'confidence': 0.9991269111633301, 'text_region': [[98.0, 503.0], [119.0, 503.0], [119.0, 514.0], [98.0, 514.0]]}, {'text': '+量子测量', 'confidence': 0.941340446472168, 'text_region': [[123.0, 498.0], [166.0, 498.0], [166.0, 509.0], [123.0, 509.0]]}, {'text': '后量子加密', 'confidence': 0.9877535700798035, 'text_region': [[162.0, 498.0], [224.0, 498.0], [224.0, 509.0], [162.0, 509.0]]}, {'text': '1200量子测量后量子加密', 'confidence': 0.997750997543335, 'text_region': [[297.0, 499.0], [421.0, 499.0], [421.0, 512.0], [297.0, 512.0]]}, {'text': '1500', 'confidence': 0.9981849193572998, 'text_region': [[98.0, 515.0], [119.0, 515.0], [119.0, 529.0], [98.0, 529.0]]}, {'text': '800', 'confidence': 0.9971827864646912, 'text_region': [[301.0, 517.0], [318.0, 517.0], [318.0, 528.0], [301.0, 528.0]]}, {'text': '1000', 'confidence': 0.9994276165962219, 'text_region': [[99.0, 529.0], [120.0, 529.0], [120.0, 541.0], [99.0, 541.0]]}, {'text': '500', 'confidence': 0.9997660517692566, 'text_region': [[103.0, 542.0], [120.0, 542.0], [120.0, 554.0], [103.0, 554.0]]}, {'text': '400', 'confidence': 0.9986881613731384, 'text_region': [[303.0, 536.0], [317.0, 536.0], [317.0, 544.0], [303.0, 544.0]]}, {'text': '0', 'confidence': 0.9396917819976807, 'text_region': [[111.0, 556.0], [119.0, 556.0], [119.0, 565.0], [111.0, 565.0]]}, {'text': '来源：中国信息通信研究院（截至2023年9月）', 'confidence': 0.9963196516036987, 'text_region': [[279.0, 597.0], [502.0, 597.0], [502.0, 610.0], [279.0, 610.0]]}]
Page: 11, Bounding Box: [145, 620, 449, 633], Text: [{'text': '图1全球量子信息科研论文和专利申请的年度变化趋势1', 'confidence': 0.9723984599113464, 'text_region': [[144.0, 618.0], [451.0, 617.0], [451.0, 634.0], [144.0, 635.0]]}]
