Page: 23, Bounding Box: [81, 260, 513, 526], Text: [{'text': '1.50', 'confidence': 0.9998184442520142, 'text_region': [[95.0, 267.0], [119.0, 267.0], [119.0, 283.0], [95.0, 283.0]]}, {'text': '1.48', 'confidence': 0.9996428489685059, 'text_region': [[95.0, 295.0], [120.0, 295.0], [120.0, 310.0], [95.0, 310.0]]}, {'text': '1.46', 'confidence': 0.9996524453163147, 'text_region': [[95.0, 321.0], [119.0, 321.0], [119.0, 336.0], [95.0, 336.0]]}, {'text': '1.44', 'confidence': 0.9993723630905151, 'text_region': [[96.0, 347.0], [119.0, 347.0], [119.0, 363.0], [96.0, 363.0]]}, {'text': '1.42', 'confidence': 0.9990029335021973, 'text_region': [[97.0, 376.0], [118.0, 376.0], [118.0, 388.0], [97.0, 388.0]]}, {'text': '1.40', 'confidence': 0.9988729953765869, 'text_region': [[97.0, 403.0], [118.0, 403.0], [118.0, 414.0], [97.0, 414.0]]}, {'text': '1.38', 'confidence': 0.9976426362991333, 'text_region': [[98.0, 429.0], [118.0, 429.0], [118.0, 441.0], [98.0, 441.0]]}, {'text': '来源：中国信通院', 'confidence': 0.999845564365387, 'text_region': [[404.0, 526.0], [501.0, 526.0], [501.0, 540.0], [404.0, 540.0]]}]
Page: 23, Bounding Box: [404, 527, 498, 538], Text: [{'text': '来源：中国信通院', 'confidence': 0.999845564365387, 'text_region': [[404.0, 526.0], [501.0, 526.0], [501.0, 540.0], [404.0, 540.0]]}]
Page: 23, Bounding Box: [205, 541, 375, 555], Text: [{'text': '图9我国PUE较低Top10省份', 'confidence': 0.9920299053192139, 'text_region': [[212.0, 541.0], [376.0, 541.0], [376.0, 556.0], [212.0, 556.0]]}]
Page: 23, Bounding Box: [130, 577, 265, 593], Text: [{'text': '（四）存力评价结果', 'confidence': 0.9996514916419983, 'text_region': [[129.0, 577.0], [267.0, 577.0], [267.0, 594.0], [129.0, 594.0]]}]
