Page: 26, Bounding Box: [91, 75, 509, 327], Text: [{'text': '2.50', 'confidence': 0.9998593926429749, 'text_region': [[120.0, 79.0], [142.0, 79.0], [142.0, 94.0], [120.0, 94.0]]}, {'text': '2.00', 'confidence': 0.9992959499359131, 'text_region': [[122.0, 116.0], [142.0, 116.0], [142.0, 130.0], [122.0, 130.0]]}, {'text': '1.50', 'confidence': 0.9995852708816528, 'text_region': [[121.0, 153.0], [139.0, 153.0], [139.0, 165.0], [121.0, 165.0]]}, {'text': '1.00', 'confidence': 0.9997681379318237, 'text_region': [[122.0, 190.0], [141.0, 190.0], [141.0, 202.0], [122.0, 202.0]]}, {'text': '0.50', 'confidence': 0.9997491836547852, 'text_region': [[120.0, 225.0], [142.0, 225.0], [142.0, 240.0], [120.0, 240.0]]}, {'text': '0.00', 'confidence': 0.9992337226867676, 'text_region': [[120.0, 262.0], [143.0, 262.0], [143.0, 277.0], [120.0, 277.0]]}, {'text': '2018', 'confidence': 0.9995651245117188, 'text_region': [[174.0, 275.0], [199.0, 275.0], [199.0, 290.0], [174.0, 290.0]]}, {'text': '2019', 'confidence': 0.9995659589767456, 'text_region': [[243.0, 276.0], [268.0, 276.0], [268.0, 288.0], [243.0, 288.0]]}, {'text': '2020', 'confidence': 0.9983534216880798, 'text_region': [[313.0, 277.0], [338.0, 277.0], [338.0, 289.0], [313.0, 289.0]]}, {'text': '2021', 'confidence': 0.998417317867279, 'text_region': [[381.0, 276.0], [403.0, 276.0], [403.0, 288.0], [381.0, 288.0]]}, {'text': '2022', 'confidence': 0.9994492530822754, 'text_region': [[450.0, 276.0], [472.0, 276.0], [472.0, 288.0], [450.0, 288.0]]}, {'text': 'IT硬件IT软件IT服务', 'confidence': 0.9548192620277405, 'text_region': [[239.0, 297.0], [359.0, 297.0], [359.0, 310.0], [239.0, 310.0]]}, {'text': '来源：中国信息通信研究院、IDC', 'confidence': 0.9957190752029419, 'text_region': [[352.0, 326.0], [506.0, 326.0], [506.0, 340.0], [352.0, 340.0]]}]
Page: 26, Bounding Box: [193, 350, 463, 364], Text: [{'text': '图9我国IT硬件、软件、服务支出规模', 'confidence': 0.9983599185943604, 'text_region': [[188.0, 348.0], [407.0, 347.0], [407.0, 365.0], [188.0, 366.0]]}]
