Page: 18, Bounding Box: [3, 460, 575, 837], Text: [{'text': '从数据上看：', 'confidence': 0.9734687209129333, 'text_region': [[122.0, 499.0], [178.0, 499.0], [178.0, 513.0], [122.0, 513.0]]}, {'text': '到2030年，全球医护人员缺口预计将达1,000万', 'confidence': 0.967195987701416, 'text_region': [[126.0, 527.0], [322.0, 528.0], [321.0, 542.0], [125.0, 541.0]]}, {'text': '87%的美国医疗机构将员工短缺视为最大桃战', 'confidence': 0.94810950756073, 'text_region': [[125.0, 570.0], [322.0, 570.0], [322.0, 584.0], [125.0, 584.0]]}, {'text': '到2040年，日本健康和福利领城的从业者缺口将达960,000人', 'confidence': 0.9624637365341187, 'text_region': [[126.0, 609.0], [383.0, 610.0], [383.0, 624.0], [125.0, 623.0]]}, {'text': '发达国家中，九威的医生对工作感到不满或出现职业倦怠', 'confidence': 0.972482442855835, 'text_region': [[126.0, 651.0], [361.0, 651.0], [361.0, 665.0], [126.0, 665.0]]}, {'text': '23%的美国医护人员相信他们的领导会为员工着想', 'confidence': 0.9916167855262756, 'text_region': [[126.0, 690.0], [336.0, 690.0], [336.0, 703.0], [126.0, 703.0]]}]
Page: 18, Bounding Box: [0, 1, 596, 334], Text: []
