Page: 12, Bounding Box: [87, 77, 512, 234], Text: []
Page: 12, Bounding Box: [90, 239, 485, 254], Text: [{'text': '图21997—2022年WTO各委员会中提出的、与国家安全有关的贸易关切（STC）', 'confidence': 0.9864286184310913, 'text_region': [[91.0, 239.0], [506.0, 239.0], [506.0, 254.0], [91.0, 254.0]]}]
Page: 12, Bounding Box: [256, 262, 338, 274], Text: [{'text': '数量统计柱状图', 'confidence': 0.9995355010032654, 'text_region': [[256.0, 263.0], [341.0, 263.0], [341.0, 277.0], [256.0, 277.0]]}]
