Page: 9, Bounding Box: [109, 72, 508, 293], Text: [{'text': '33', 'confidence': 0.9997323751449585, 'text_region': [[242.0, 80.0], [253.0, 80.0], [253.0, 90.0], [242.0, 90.0]]}, {'text': '13', 'confidence': 0.9972550868988037, 'text_region': [[142.0, 172.0], [151.0, 172.0], [151.0, 180.0], [142.0, 180.0]]}, {'text': '2021Q1 2021Q2 2021Q3 2021Q4 2022Q1 2022Q2 2022Q3 2022Q4 2023Q1 2023Q2', 'confidence': 0.9710205793380737, 'text_region': [[129.0, 251.0], [466.0, 250.0], [466.0, 264.0], [129.0, 265.0]]}, {'text': '来源：CB Insights', 'confidence': 0.9642669558525085, 'text_region': [[423.0, 280.0], [506.0, 280.0], [506.0, 294.0], [423.0, 294.0]]}]
Page: 9, Bounding Box: [211, 303, 384, 315], Text: [{'text': '图3全球金融科技公司IPO数量', 'confidence': 0.9920692443847656, 'text_region': [[211.0, 304.0], [385.0, 304.0], [385.0, 317.0], [211.0, 317.0]]}]
