Page: 17, Bounding Box: [45, 279, 559, 361], Text: [{'text': '企业', 'confidence': 0.9999256730079651, 'text_region': [[67.0, 284.0], [91.0, 284.0], [91.0, 301.0], [67.0, 301.0]]}, {'text': '产品', 'confidence': 0.9999703764915466, 'text_region': [[217.0, 284.0], [243.0, 284.0], [243.0, 301.0], [217.0, 301.0]]}, {'text': '应用价值', 'confidence': 0.9995640516281128, 'text_region': [[387.0, 285.0], [433.0, 285.0], [433.0, 300.0], [387.0, 300.0]]}, {'text': '获批时间', 'confidence': 0.9981870651245117, 'text_region': [[493.0, 284.0], [540.0, 284.0], [540.0, 300.0], [493.0, 300.0]]}, {'text': '科亚医疗', 'confidence': 0.9999382495880127, 'text_region': [[54.0, 312.0], [104.0, 312.0], [104.0, 328.0], [54.0, 328.0]]}, {'text': '冠脉血流储备分数计算软件', 'confidence': 0.9980304837226868, 'text_region': [[159.0, 313.0], [301.0, 313.0], [301.0, 327.0], [159.0, 327.0]]}, {'text': '冠心病等辅助评估', 'confidence': 0.9992531538009644, 'text_region': [[361.0, 311.0], [459.0, 311.0], [459.0, 328.0], [361.0, 328.0]]}, {'text': '2020.01', 'confidence': 0.9998149275779724, 'text_region': [[494.0, 312.0], [538.0, 312.0], [538.0, 326.0], [494.0, 326.0]]}, {'text': '数坤科技', 'confidence': 0.9998453855514526, 'text_region': [[55.0, 339.0], [108.0, 339.0], [108.0, 353.0], [55.0, 353.0]]}, {'text': '冠脉CT造影图像血管狭窄辅助分诊软件', 'confidence': 0.9982824325561523, 'text_region': [[102.0, 338.0], [332.0, 338.0], [332.0, 352.0], [102.0, 352.0]]}, {'text': '冠脉狭窄辅助分诊', 'confidence': 0.9985302686691284, 'text_region': [[361.0, 338.0], [456.0, 338.0], [456.0, 352.0], [361.0, 352.0]]}, {'text': '2020.11', 'confidence': 0.9998898506164551, 'text_region': [[494.0, 338.0], [538.0, 338.0], [538.0, 353.0], [494.0, 353.0]]}]
Page: 17, Bounding Box: [44, 366, 372, 378], Text: [{'text': '图示：心血管场景获批医疗器械三类证的AI医学影像主要产品', 'confidence': 0.9922714233398438, 'text_region': [[47.0, 367.0], [371.0, 367.0], [371.0, 382.0], [47.0, 382.0]]}]
