Page: 17, Bounding Box: [124, 310, 473, 483], Text: [{'text': '140', 'confidence': 0.9996078014373779, 'text_region': [[154.0, 317.0], [176.0, 317.0], [176.0, 332.0], [154.0, 332.0]]}, {'text': '120', 'confidence': 0.9994441866874695, 'text_region': [[151.0, 331.0], [176.0, 331.0], [176.0, 346.0], [151.0, 346.0]]}, {'text': '20', 'confidence': 0.9994021654129028, 'text_region': [[424.0, 338.0], [436.0, 338.0], [436.0, 347.0], [424.0, 347.0]]}, {'text': '100', 'confidence': 0.9985888600349426, 'text_region': [[156.0, 345.0], [176.0, 345.0], [176.0, 359.0], [156.0, 359.0]]}, {'text': '80', 'confidence': 0.9986788034439087, 'text_region': [[160.0, 358.0], [175.0, 358.0], [175.0, 372.0], [160.0, 372.0]]}, {'text': '60', 'confidence': 0.9977496266365051, 'text_region': [[160.0, 370.0], [176.0, 370.0], [176.0, 389.0], [160.0, 389.0]]}, {'text': '40', 'confidence': 0.9989109635353088, 'text_region': [[161.0, 385.0], [175.0, 385.0], [175.0, 399.0], [161.0, 399.0]]}, {'text': '10', 'confidence': 0.9947495460510254, 'text_region': [[425.0, 378.0], [436.0, 378.0], [436.0, 385.0], [425.0, 385.0]]}, {'text': '20', 'confidence': 0.999190092086792, 'text_region': [[161.0, 399.0], [176.0, 399.0], [176.0, 414.0], [161.0, 414.0]]}, {'text': 'm', 'confidence': 0.6284517049789429, 'text_region': [[193.0, 427.0], [201.0, 427.0], [201.0, 438.0], [193.0, 438.0]]}, {'text': 'H', 'confidence': 0.555199146270752, 'text_region': [[397.0, 431.0], [405.0, 431.0], [405.0, 442.0], [397.0, 442.0]]}, {'text': '20', 'confidence': 0.8417286276817322, 'text_region': [[200.0, 441.0], [225.0, 441.0], [225.0, 456.0], [200.0, 456.0]]}, {'text': 'GrantIPO及并购风险投资其他→融资金额', 'confidence': 0.9788551330566406, 'text_region': [[145.0, 461.0], [449.0, 462.0], [449.0, 479.0], [145.0, 478.0]]}]
Page: 17, Bounding Box: [272, 494, 501, 531], Text: [{'text': '来源：中国信息通信研究院（截至2023年9月）', 'confidence': 0.9937341809272766, 'text_region': [[278.0, 495.0], [503.0, 492.0], [503.0, 507.0], [278.0, 509.0]]}, {'text': '图8量子信息领域企业投融资事件与金额变化趋势14', 'confidence': 0.9676163792610168, 'text_region': [[156.0, 517.0], [439.0, 515.0], [439.0, 532.0], [156.0, 534.0]]}]
