Page: 29, Bounding Box: [96, 380, 505, 595], Text: [{'text': 'Internal', 'confidence': 0.992835283279419, 'text_region': [[271.0, 394.0], [308.0, 394.0], [308.0, 405.0], [271.0, 405.0]]}, {'text': 'Skull', 'confidence': 0.9813613891601562, 'text_region': [[329.0, 393.0], [354.0, 393.0], [354.0, 404.0], [329.0, 404.0]]}, {'text': 'Circuit', 'confidence': 0.9838157892227173, 'text_region': [[270.0, 406.0], [302.0, 406.0], [302.0, 417.0], [270.0, 417.0]]}, {'text': 'Receiver Coil', 'confidence': 0.9608024954795837, 'text_region': [[268.0, 545.0], [333.0, 548.0], [333.0, 562.0], [267.0, 560.0]]}, {'text': 'Electrode', 'confidence': 0.9945595860481262, 'text_region': [[422.0, 536.0], [470.0, 536.0], [470.0, 551.0], [422.0, 551.0]]}, {'text': 'Array', 'confidence': 0.98420649766922, 'text_region': [[422.0, 546.0], [452.0, 550.0], [450.0, 564.0], [420.0, 560.0]]}, {'text': '来源：网络信息', 'confidence': 0.9941049814224243, 'text_region': [[431.0, 577.0], [506.0, 577.0], [506.0, 591.0], [431.0, 591.0]]}]
Page: 29, Bounding Box: [255, 600, 364, 612], Text: [{'text': '图11Orion的电极放置和植入部位', 'confidence': 0.9927127361297607, 'text_region': [[207.0, 601.0], [388.0, 601.0], [388.0, 614.0], [207.0, 614.0]]}]
