Page: 6, Bounding Box: [130, 434, 546, 619], Text: [{'text': 'Cervical cancer coverage model, % of people in each part of the journey', 'confidence': 0.9702295660972595, 'text_region': [[136.0, 434.0], [426.0, 435.0], [426.0, 448.0], [136.0, 447.0]]}, {'text': 'Women without', 'confidence': 0.9995443820953369, 'text_region': [[138.0, 457.0], [198.0, 457.0], [198.0, 468.0], [138.0, 468.0]]}, {'text': 'disabilities', 'confidence': 0.9447357654571533, 'text_region': [[138.0, 468.0], [180.0, 468.0], [180.0, 478.0], [138.0, 478.0]]}, {'text': '100', 'confidence': 0.9865221977233887, 'text_region': [[253.0, 459.0], [267.0, 459.0], [267.0, 467.0], [253.0, 467.0]]}, {'text': '(n = 13,582)', 'confidence': 0.9739727973937988, 'text_region': [[136.0, 476.0], [183.0, 474.0], [183.0, 488.0], [136.0, 490.0]]}, {'text': 'Women with', 'confidence': 0.9949924349784851, 'text_region': [[139.0, 533.0], [186.0, 533.0], [186.0, 544.0], [139.0, 544.0]]}, {'text': 'disabilities', 'confidence': 0.9920721650123596, 'text_region': [[139.0, 543.0], [181.0, 543.0], [181.0, 553.0], [139.0, 553.0]]}, {'text': '100', 'confidence': 0.9749547839164734, 'text_region': [[254.0, 535.0], [267.0, 535.0], [267.0, 542.0], [254.0, 542.0]]}, {'text': '(n = 3,185)', 'confidence': 0.9846616387367249, 'text_region': [[138.0, 552.0], [179.0, 552.0], [179.0, 563.0], [138.0, 563.0]]}, {'text': 'Have cervical', 'confidence': 0.9758797883987427, 'text_region': [[238.0, 598.0], [283.0, 598.0], [283.0, 608.0], [238.0, 608.0]]}, {'text': ' Unscreened', 'confidence': 0.9544817209243774, 'text_region': [[296.0, 597.0], [340.0, 597.0], [340.0, 608.0], [296.0, 608.0]]}, {'text': ' No treatment', 'confidence': 0.959587812423706, 'text_region': [[352.0, 598.0], [401.0, 598.0], [401.0, 608.0], [352.0, 608.0]]}, {'text': 'Not successful', 'confidence': 0.9992551803588867, 'text_region': [[408.0, 598.0], [461.0, 598.0], [461.0, 608.0], [408.0, 608.0]]}, {'text': 'cancer', 'confidence': 0.8851318955421448, 'text_region': [[248.0, 608.0], [271.0, 608.0], [271.0, 615.0], [248.0, 615.0]]}, {'text': 'Successful', 'confidence': 0.9893504977226257, 'text_region': [[475.0, 599.0], [510.0, 599.0], [510.0, 609.0], [475.0, 609.0]]}]
Page: 6, Bounding Box: [134, 294, 533, 338], Text: [{'text': "Elizabeth Cooney, Doctors callout ableism in cancer care:'The bigest accom", 'confidence': 0.8904215693473816, 'text_region': [[136.0, 292.0], [374.0, 293.0], [374.0, 307.0], [136.0, 306.0]]}, {'text': 'nmodation is atitude,* STAT, December13, 2023', 'confidence': 0.9567257165908813, 'text_region': [[372.0, 293.0], [520.0, 293.0], [520.0, 306.0], [372.0, 306.0]]}, {'text': 'disabiltes,* 7he L.arcet Oncoiogy, November 2023, Volume 24, Number 11.', 'confidence': 0.9390414357185364, 'text_region': [[142.0, 311.0], [367.0, 311.0], [367.0, 324.0], [142.0, 324.0]]}, {'text': '2 Disparities in the diagnosis,treatment, and survival rate of cervical cancera', 'confidence': 0.9568254351615906, 'text_region': [[136.0, 326.0], [369.0, 328.0], [369.0, 341.0], [136.0, 339.0]]}, {'text': 'with and without disabilities,* 2021', 'confidence': 0.9800313115119934, 'text_region': [[410.0, 329.0], [513.0, 329.0], [513.0, 339.0], [410.0, 339.0]]}]
