Page: 39, Bounding Box: [82, 74, 508, 333], Text: [{'text': '140', 'confidence': 0.999622106552124, 'text_region': [[96.0, 82.0], [108.0, 82.0], [108.0, 91.0], [96.0, 91.0]]}, {'text': '120', 'confidence': 0.9996746182441711, 'text_region': [[95.0, 108.0], [111.0, 108.0], [111.0, 121.0], [95.0, 121.0]]}, {'text': '100', 'confidence': 0.9995217323303223, 'text_region': [[96.0, 137.0], [110.0, 137.0], [110.0, 149.0], [96.0, 149.0]]}, {'text': '50', 'confidence': 0.7293359041213989, 'text_region': [[102.0, 197.0], [107.0, 197.0], [107.0, 203.0], [102.0, 203.0]]}, {'text': '来源：中国信息通信研究院', 'confidence': 0.9924461245536804, 'text_region': [[379.0, 326.0], [505.0, 326.0], [505.0, 340.0], [379.0, 340.0]]}]
Page: 39, Bounding Box: [183, 350, 412, 363], Text: [{'text': '图152022年中国部分省份算力规模分指数', 'confidence': 0.9996729493141174, 'text_region': [[184.0, 350.0], [412.0, 350.0], [412.0, 365.0], [184.0, 365.0]]}]
