Page: 10, Bounding Box: [111, 68, 508, 293], Text: [{'text': '45', 'confidence': 0.9997570514678955, 'text_region': [[145.0, 79.0], [155.0, 79.0], [155.0, 90.0], [145.0, 90.0]]}, {'text': '40', 'confidence': 0.9945778250694275, 'text_region': [[144.0, 91.0], [157.0, 91.0], [157.0, 108.0], [144.0, 108.0]]}, {'text': '2520', 'confidence': 0.7365230321884155, 'text_region': [[143.0, 134.0], [157.0, 134.0], [157.0, 170.0], [143.0, 170.0]]}, {'text': '15', 'confidence': 0.9994364380836487, 'text_region': [[143.0, 167.0], [156.0, 167.0], [156.0, 182.0], [143.0, 182.0]]}, {'text': '10', 'confidence': 0.9986760020256042, 'text_region': [[145.0, 184.0], [155.0, 184.0], [155.0, 195.0], [145.0, 195.0]]}, {'text': '2013 2014 2015 2016 2017 2018 2019 2020 2021 2022', 'confidence': 0.9199394583702087, 'text_region': [[164.0, 224.0], [464.0, 224.0], [464.0, 241.0], [164.0, 241.0]]}, {'text': '成立时间', 'confidence': 0.998199999332428, 'text_region': [[292.0, 242.0], [336.0, 242.0], [336.0, 256.0], [292.0, 256.0]]}, {'text': '美国中国加拿大英国以色列', 'confidence': 0.9954323768615723, 'text_region': [[215.0, 268.0], [382.0, 268.0], [382.0, 282.0], [215.0, 282.0]]}]
Page: 10, Bounding Box: [190, 319, 399, 331], Text: [{'text': '图3历年重点国家新增脑机接口企业数量', 'confidence': 0.998814582824707, 'text_region': [[189.0, 319.0], [405.0, 319.0], [405.0, 333.0], [189.0, 333.0]]}]
Page: 10, Bounding Box: [299, 296, 503, 311], Text: [{'text': '来源：Crunchbase，CB，中国信息通信研究院', 'confidence': 0.9795631766319275, 'text_region': [[294.0, 297.0], [506.0, 297.0], [506.0, 311.0], [294.0, 311.0]]}]
