Page: 24, Bounding Box: [109, 68, 511, 292], Text: [{'text': '90', 'confidence': 0.9989808797836304, 'text_region': [[143.0, 77.0], [157.0, 77.0], [157.0, 90.0], [143.0, 90.0]]}, {'text': '80', 'confidence': 0.9986588954925537, 'text_region': [[143.0, 92.0], [157.0, 92.0], [157.0, 106.0], [143.0, 106.0]]}, {'text': '70', 'confidence': 0.9994199275970459, 'text_region': [[144.0, 106.0], [157.0, 106.0], [157.0, 121.0], [144.0, 121.0]]}, {'text': '60', 'confidence': 0.9980260133743286, 'text_region': [[142.0, 122.0], [157.0, 122.0], [157.0, 137.0], [142.0, 137.0]]}, {'text': '50', 'confidence': 0.9996486902236938, 'text_region': [[142.0, 137.0], [157.0, 137.0], [157.0, 152.0], [142.0, 152.0]]}, {'text': '专', 'confidence': 0.9863930344581604, 'text_region': [[129.0, 165.0], [143.0, 165.0], [143.0, 179.0], [129.0, 179.0]]}, {'text': '30', 'confidence': 0.9992524981498718, 'text_region': [[143.0, 169.0], [157.0, 169.0], [157.0, 182.0], [143.0, 182.0]]}, {'text': '20', 'confidence': 0.9993969202041626, 'text_region': [[144.0, 183.0], [157.0, 183.0], [157.0, 197.0], [144.0, 197.0]]}, {'text': '10', 'confidence': 0.9992667436599731, 'text_region': [[144.0, 198.0], [157.0, 198.0], [157.0, 213.0], [144.0, 213.0]]}, {'text': '0', 'confidence': 0.9576038718223572, 'text_region': [[148.0, 217.0], [157.0, 217.0], [157.0, 226.0], [148.0, 226.0]]}, {'text': '2018', 'confidence': 0.9998272061347961, 'text_region': [[180.0, 227.0], [202.0, 227.0], [202.0, 239.0], [180.0, 239.0]]}, {'text': '2019', 'confidence': 0.9997423887252808, 'text_region': [[242.0, 227.0], [264.0, 227.0], [264.0, 239.0], [242.0, 239.0]]}, {'text': '2020', 'confidence': 0.9996680617332458, 'text_region': [[303.0, 227.0], [325.0, 227.0], [325.0, 239.0], [303.0, 239.0]]}, {'text': '2021', 'confidence': 0.9939449429512024, 'text_region': [[367.0, 228.0], [385.0, 228.0], [385.0, 236.0], [367.0, 236.0]]}, {'text': '公开年', 'confidence': 0.999943733215332, 'text_region': [[300.0, 239.0], [333.0, 239.0], [333.0, 253.0], [300.0, 253.0]]}, {'text': '■美国世界知识产权组织欧洲专利局加拿大澳大利亚日本德国', 'confidence': 0.9859552979469299, 'text_region': [[138.0, 267.0], [457.0, 267.0], [457.0, 281.0], [138.0, 281.0]]}]
Page: 24, Bounding Box: [182, 319, 399, 332], Text: [{'text': '图8HILLC的光采集专利各受理局申请趋势', 'confidence': 0.9754021167755127, 'text_region': [[181.0, 319.0], [414.0, 319.0], [414.0, 333.0], [181.0, 333.0]]}]
