Page: 28, Bounding Box: [83, 227, 509, 367], Text: [{'text': 'Dataops', 'confidence': 0.9992151856422424, 'text_region': [[245.0, 240.0], [276.0, 240.0], [276.0, 251.0], [245.0, 251.0]]}, {'text': '数据产品', 'confidence': 0.9267028570175171, 'text_region': [[432.0, 254.0], [463.0, 254.0], [463.0, 265.0], [432.0, 265.0]]}, {'text': 'IT部门', 'confidence': 0.9322003722190857, 'text_region': [[93.0, 264.0], [116.0, 264.0], [116.0, 275.0], [93.0, 275.0]]}, {'text': '数掘服务业务部门', 'confidence': 0.9054951667785645, 'text_region': [[427.0, 265.0], [504.0, 266.0], [504.0, 280.0], [426.0, 279.0]]}, {'text': '数据流通', 'confidence': 0.9702935218811035, 'text_region': [[427.0, 278.0], [465.0, 281.0], [464.0, 295.0], [426.0, 292.0]]}, {'text': '开发管理一体化', 'confidence': 0.9938502907752991, 'text_region': [[270.0, 303.0], [357.0, 300.0], [357.0, 312.0], [271.0, 314.0]]}, {'text': 'DCMM', 'confidence': 0.999070942401886, 'text_region': [[246.0, 317.0], [274.0, 317.0], [274.0, 328.0], [246.0, 328.0]]}, {'text': '运营管理一体化', 'confidence': 0.9960108995437622, 'text_region': [[432.0, 318.0], [488.0, 318.0], [488.0, 329.0], [432.0, 329.0]]}, {'text': '数据管理部门', 'confidence': 0.9921324849128723, 'text_region': [[94.0, 328.0], [143.0, 328.0], [143.0, 338.0], [94.0, 338.0]]}, {'text': '经库：数送标在数', 'confidence': 0.6304973363876343, 'text_region': [[194.0, 333.0], [279.0, 333.0], [279.0, 340.0], [194.0, 340.0]]}, {'text': '来源：中国信息通信研究院', 'confidence': 0.9987390041351318, 'text_region': [[379.0, 358.0], [505.0, 358.0], [505.0, 372.0], [379.0, 372.0]]}]
Page: 28, Bounding Box: [197, 381, 397, 394], Text: [{'text': '图5DataOps:敏捷协同的一体化管理', 'confidence': 0.9741960763931274, 'text_region': [[196.0, 381.0], [400.0, 381.0], [400.0, 398.0], [196.0, 398.0]]}]
