Page: 42, Bounding Box: [81, 74, 510, 333], Text: [{'text': '120', 'confidence': 0.9975441098213196, 'text_region': [[97.0, 82.0], [108.0, 82.0], [108.0, 90.0], [97.0, 90.0]]}, {'text': '80', 'confidence': 0.7579779624938965, 'text_region': [[101.0, 147.0], [109.0, 147.0], [109.0, 157.0], [101.0, 157.0]]}, {'text': '来源：中国信息通信研究院', 'confidence': 0.9925119280815125, 'text_region': [[379.0, 326.0], [505.0, 326.0], [505.0, 340.0], [379.0, 340.0]]}]
Page: 42, Bounding Box: [184, 350, 412, 363], Text: [{'text': '图172022年中国部分省份算力产业分指数', 'confidence': 0.9997420310974121, 'text_region': [[184.0, 350.0], [412.0, 350.0], [412.0, 365.0], [184.0, 365.0]]}]
