Page: 26, Bounding Box: [100, 80, 499, 334], Text: [{'text': '单位：%', 'confidence': 0.9530484676361084, 'text_region': [[112.0, 86.0], [139.0, 86.0], [139.0, 97.0], [112.0, 97.0]]}, {'text': '5', 'confidence': 0.9216691851615906, 'text_region': [[113.0, 130.0], [118.0, 130.0], [118.0, 136.0], [113.0, 136.0]]}, {'text': '95', 'confidence': 0.6305729150772095, 'text_region': [[113.0, 163.0], [118.0, 163.0], [118.0, 168.0], [113.0, 168.0]]}, {'text': '25', 'confidence': 0.794020414352417, 'text_region': [[113.0, 193.0], [118.0, 193.0], [118.0, 199.0], [113.0, 199.0]]}, {'text': 'N', 'confidence': 0.5723115801811218, 'text_region': [[113.0, 209.0], [118.0, 209.0], [118.0, 215.0], [113.0, 215.0]]}, {'text': '5', 'confidence': 0.6629008054733276, 'text_region': [[113.0, 225.0], [118.0, 225.0], [118.0, 231.0], [113.0, 231.0]]}, {'text': '全国9.6%', 'confidence': 0.9881772994995117, 'text_region': [[451.0, 240.0], [484.0, 240.0], [484.0, 250.0], [451.0, 250.0]]}, {'text': '工业百强县（市）', 'confidence': 0.9622877240180969, 'text_region': [[264.0, 280.0], [327.0, 280.0], [327.0, 290.0], [264.0, 290.0]]}]
Page: 26, Bounding Box: [153, 341, 503, 377], Text: [{'text': '来源：中国信息通信研究院根据统计数据整理', 'confidence': 0.9894379377365112, 'text_region': [[297.0, 340.0], [506.0, 340.0], [506.0, 355.0], [297.0, 355.0]]}, {'text': '图72023年中国工业百强县（市）全部工业增速概览图', 'confidence': 0.9981756210327148, 'text_region': [[151.0, 364.0], [445.0, 364.0], [445.0, 378.0], [151.0, 378.0]]}]
