Page: 47, Bounding Box: [106, 69, 512, 263], Text: [{'text': '西门子碳迹', 'confidence': 0.889517605304718, 'text_region': [[272.0, 109.0], [320.0, 109.0], [320.0, 119.0], [272.0, 119.0]]}, {'text': '博世', 'confidence': 0.9934026002883911, 'text_region': [[140.0, 152.0], [158.0, 152.0], [158.0, 160.0], [140.0, 160.0]]}, {'text': '北', 'confidence': 0.6721857786178589, 'text_region': [[355.0, 184.0], [370.0, 184.0], [370.0, 191.0], [355.0, 191.0]]}, {'text': '成员编码', 'confidence': 0.8481073975563049, 'text_region': [[263.0, 197.0], [292.0, 197.0], [292.0, 207.0], [263.0, 207.0]]}, {'text': '服索服务', 'confidence': 0.8028186559677124, 'text_region': [[298.0, 197.0], [328.0, 197.0], [328.0, 207.0], [298.0, 207.0]]}, {'text': '数据清单', 'confidence': 0.9769354462623596, 'text_region': [[262.0, 209.0], [291.0, 209.0], [291.0, 219.0], [262.0, 219.0]]}, {'text': '钱包服务', 'confidence': 0.9698864817619324, 'text_region': [[295.0, 209.0], [329.0, 209.0], [329.0, 219.0], [295.0, 219.0]]}, {'text': '应用市场', 'confidence': 0.8718714714050293, 'text_region': [[262.0, 221.0], [288.0, 221.0], [288.0, 231.0], [262.0, 231.0]]}, {'text': '来源：中国信息通信研究院整理', 'confidence': 0.9967283010482788, 'text_region': [[365.0, 243.0], [506.0, 243.0], [506.0, 258.0], [365.0, 258.0]]}]
Page: 47, Bounding Box: [196, 269, 390, 282], Text: [{'text': '图6Catena-X的碳足迹追踪应用示例', 'confidence': 0.9971429705619812, 'text_region': [[195.0, 269.0], [391.0, 269.0], [391.0, 283.0], [195.0, 283.0]]}]
