Page: 16, Bounding Box: [107, 229, 499, 514], Text: [{'text': '范围和总则', 'confidence': 0.9959379434585571, 'text_region': [[208.0, 240.0], [260.0, 240.0], [260.0, 255.0], [208.0, 255.0]]}, {'text': '14%', 'confidence': 0.8778574466705322, 'text_region': [[222.0, 255.0], [245.0, 255.0], [245.0, 267.0], [222.0, 267.0]]}, {'text': '赋能与电子商务', 'confidence': 0.9806022047996521, 'text_region': [[380.0, 260.0], [450.0, 260.0], [450.0, 271.0], [380.0, 271.0]]}, {'text': '市场准入', 'confidence': 0.9992602467536926, 'text_region': [[161.0, 277.0], [203.0, 277.0], [203.0, 291.0], [161.0, 291.0]]}, {'text': '21%', 'confidence': 0.9952977299690247, 'text_region': [[405.0, 272.0], [426.0, 272.0], [426.0, 284.0], [405.0, 284.0]]}, {'text': '2%', 'confidence': 0.9986506700515747, 'text_region': [[173.0, 291.0], [191.0, 291.0], [191.0, 303.0], [173.0, 303.0]]}, {'text': '电信', 'confidence': 0.9999617338180542, 'text_region': [[167.0, 305.0], [190.0, 305.0], [190.0, 320.0], [167.0, 320.0]]}, {'text': '5%', 'confidence': 0.9974597692489624, 'text_region': [[169.0, 319.0], [186.0, 319.0], [186.0, 332.0], [169.0, 332.0]]}, {'text': '跨领域议题', 'confidence': 0.8565641641616821, 'text_region': [[122.0, 365.0], [176.0, 368.0], [175.0, 382.0], [121.0, 380.0]]}, {'text': '10%', 'confidence': 0.9990145564079285, 'text_region': [[138.0, 382.0], [161.0, 382.0], [161.0, 394.0], [138.0, 394.0]]}, {'text': '开放与电子商务', 'confidence': 0.9991411566734314, 'text_region': [[405.0, 430.0], [477.0, 430.0], [477.0, 444.0], [405.0, 444.0]]}, {'text': '27%', 'confidence': 0.9981690049171448, 'text_region': [[429.0, 444.0], [452.0, 444.0], [452.0, 457.0], [429.0, 457.0]]}, {'text': '信任与电子商务', 'confidence': 0.9961944222450256, 'text_region': [[165.0, 479.0], [238.0, 479.0], [238.0, 493.0], [165.0, 493.0]]}, {'text': '21%', 'confidence': 0.9920135140419006, 'text_region': [[191.0, 494.0], [211.0, 494.0], [211.0, 502.0], [191.0, 502.0]]}]
Page: 16, Bounding Box: [196, 519, 398, 531], Text: [{'text': '图3合并提案在七大领域的分布饼状图', 'confidence': 0.9871564507484436, 'text_region': [[195.0, 519.0], [400.0, 519.0], [400.0, 533.0], [195.0, 533.0]]}]
