Page: 8, Bounding Box: [296, 209, 533, 241], Text: [{'text': 'Cost and capital expenditure efficiency will become', 'confidence': 0.9760982990264893, 'text_region': [[296.0, 205.0], [507.0, 206.0], [507.0, 220.0], [295.0, 219.0]]}, {'text': 'increasingly pivotal in securing long-term affordability and', 'confidence': 0.9792770743370056, 'text_region': [[297.0, 220.0], [535.0, 220.0], [535.0, 233.0], [297.0, 233.0]]}, {'text': 'competitiveness', 'confidence': 0.99959397315979, 'text_region': [[297.0, 232.0], [367.0, 232.0], [367.0, 246.0], [297.0, 246.0]]}]
Page: 8, Bounding Box: [38, 209, 262, 241], Text: [{'text': 'Accelerating scale-up of supply in a sustainable manner', 'confidence': 0.9869324564933777, 'text_region': [[37.0, 205.0], [266.0, 206.0], [266.0, 220.0], [37.0, 219.0]]}, {'text': 'requires increased collaboration and efforts to derisk', 'confidence': 0.9925324320793152, 'text_region': [[37.0, 220.0], [257.0, 219.0], [257.0, 232.0], [37.0, 233.0]]}, {'text': 'investments', 'confidence': 0.9947310090065002, 'text_region': [[39.0, 233.0], [91.0, 233.0], [91.0, 244.0], [39.0, 244.0]]}]
