Page: 13, Bounding Box: [91, 135, 504, 281], Text: [{'text': '量子信息领域主要国家科研合作网络', 'confidence': 0.9983235001564026, 'text_region': [[214.0, 131.0], [381.0, 131.0], [381.0, 146.0], [214.0, 146.0]]}, {'text': '量子计算', 'confidence': 0.9999030828475952, 'text_region': [[142.0, 264.0], [186.0, 264.0], [186.0, 278.0], [142.0, 278.0]]}, {'text': '量子通信', 'confidence': 0.9996175169944763, 'text_region': [[274.0, 264.0], [320.0, 264.0], [320.0, 278.0], [274.0, 278.0]]}, {'text': '量子测量', 'confidence': 0.999717116355896, 'text_region': [[408.0, 264.0], [452.0, 264.0], [452.0, 278.0], [408.0, 278.0]]}]
Page: 13, Bounding Box: [118, 353, 497, 488], Text: [{'text': '量子信息领域不同技术方向专利数量对比', 'confidence': 0.9971854090690613, 'text_region': [[208.0, 346.0], [387.0, 346.0], [387.0, 359.0], [208.0, 359.0]]}, {'text': '中性原子', 'confidence': 0.8918212652206421, 'text_region': [[135.0, 382.0], [169.0, 385.0], [168.0, 400.0], [134.0, 397.0]]}, {'text': '14', 'confidence': 0.9968057870864868, 'text_region': [[143.0, 398.0], [158.0, 398.0], [158.0, 406.0], [143.0, 406.0]]}, {'text': '超导', 'confidence': 0.9924883842468262, 'text_region': [[198.0, 403.0], [215.0, 403.0], [215.0, 415.0], [198.0, 415.0]]}, {'text': '测量', 'confidence': 0.9052809476852417, 'text_region': [[372.0, 397.0], [391.0, 397.0], [391.0, 411.0], [372.0, 411.0]]}, {'text': '量子时间', 'confidence': 0.941524863243103, 'text_region': [[424.0, 397.0], [454.0, 397.0], [454.0, 412.0], [424.0, 412.0]]}, {'text': '光学', 'confidence': 0.9966883659362793, 'text_region': [[142.0, 416.0], [159.0, 416.0], [159.0, 428.0], [142.0, 428.0]]}, {'text': '51%', 'confidence': 0.9983113408088684, 'text_region': [[198.0, 414.0], [215.0, 414.0], [215.0, 426.0], [198.0, 426.0]]}, {'text': '24%', 'confidence': 0.9944350123405457, 'text_region': [[372.0, 409.0], [390.0, 409.0], [390.0, 421.0], [372.0, 421.0]]}, {'text': '基准', 'confidence': 0.9986008405685425, 'text_region': [[430.0, 410.0], [449.0, 410.0], [449.0, 423.0], [430.0, 423.0]]}, {'text': '21%', 'confidence': 0.8540214896202087, 'text_region': [[142.0, 426.0], [159.0, 426.0], [159.0, 437.0], [142.0, 437.0]]}, {'text': '量子家销分发', 'confidence': 0.7963879704475403, 'text_region': [[290.0, 424.0], [333.0, 421.0], [333.0, 433.0], [291.0, 435.0]]}, {'text': '49%', 'confidence': 0.9990170001983643, 'text_region': [[431.0, 422.0], [446.0, 422.0], [446.0, 432.0], [431.0, 432.0]]}, {'text': '72%', 'confidence': 0.9968898296356201, 'text_region': [[304.0, 437.0], [320.0, 437.0], [320.0, 445.0], [304.0, 445.0]]}, {'text': '量子计算', 'confidence': 0.9989414215087891, 'text_region': [[161.0, 465.0], [203.0, 467.0], [202.0, 483.0], [160.0, 480.0]]}, {'text': '量子通信', 'confidence': 0.9997832775115967, 'text_region': [[277.0, 468.0], [320.0, 468.0], [320.0, 482.0], [277.0, 482.0]]}, {'text': '量子测量', 'confidence': 0.9992817640304565, 'text_region': [[393.0, 467.0], [434.0, 467.0], [434.0, 481.0], [393.0, 481.0]]}]
Page: 13, Bounding Box: [175, 285, 501, 322], Text: [{'text': '来源：中国信息通信研究院（截至2023年9月）', 'confidence': 0.989921510219574, 'text_region': [[278.0, 283.0], [505.0, 283.0], [505.0, 300.0], [278.0, 300.0]]}, {'text': '图3量子信息领域主要国家科研国际合作情况', 'confidence': 0.9929876327514648, 'text_region': [[175.0, 307.0], [422.0, 307.0], [422.0, 321.0], [175.0, 321.0]]}]
Page: 13, Bounding Box: [176, 494, 500, 531], Text: [{'text': '来源：中国信息通信研究院（截至2023年9月）', 'confidence': 0.9942220449447632, 'text_region': [[278.0, 495.0], [504.0, 492.0], [504.0, 507.0], [278.0, 509.0]]}, {'text': '图4量子信息领域不同技术方向专利数量对比', 'confidence': 0.9854413270950317, 'text_region': [[175.0, 516.0], [423.0, 517.0], [422.0, 534.0], [174.0, 533.0]]}]
