Page: 32, Bounding Box: [83, 173, 514, 431], Text: [{'text': '江苏省', 'confidence': 0.9999720454216003, 'text_region': [[94.0, 183.0], [129.0, 183.0], [129.0, 197.0], [94.0, 197.0]]}, {'text': '上海市', 'confidence': 0.9998553395271301, 'text_region': [[95.0, 203.0], [129.0, 203.0], [129.0, 218.0], [95.0, 218.0]]}, {'text': '浙江省', 'confidence': 0.9999732971191406, 'text_region': [[94.0, 224.0], [128.0, 224.0], [128.0, 238.0], [94.0, 238.0]]}, {'text': '山东省', 'confidence': 0.9999119639396667, 'text_region': [[95.0, 244.0], [128.0, 244.0], [128.0, 260.0], [95.0, 260.0]]}, {'text': '北京市', 'confidence': 0.9999119639396667, 'text_region': [[95.0, 266.0], [129.0, 266.0], [129.0, 280.0], [95.0, 280.0]]}, {'text': '广东省', 'confidence': 0.9999639391899109, 'text_region': [[95.0, 286.0], [129.0, 286.0], [129.0, 301.0], [95.0, 301.0]]}, {'text': '天津市', 'confidence': 0.9996278882026672, 'text_region': [[95.0, 307.0], [129.0, 307.0], [129.0, 321.0], [95.0, 321.0]]}, {'text': '四川省', 'confidence': 0.999845027923584, 'text_region': [[95.0, 328.0], [129.0, 328.0], [129.0, 342.0], [95.0, 342.0]]}, {'text': '甘肃省', 'confidence': 0.9993359446525574, 'text_region': [[95.0, 348.0], [129.0, 348.0], [129.0, 363.0], [95.0, 363.0]]}, {'text': '湖北省', 'confidence': 0.9999491572380066, 'text_region': [[95.0, 370.0], [129.0, 370.0], [129.0, 384.0], [95.0, 384.0]]}, {'text': '60.0', 'confidence': 0.999244213104248, 'text_region': [[123.0, 393.0], [145.0, 393.0], [145.0, 405.0], [123.0, 405.0]]}, {'text': '62.0', 'confidence': 0.9996287822723389, 'text_region': [[194.0, 393.0], [217.0, 393.0], [217.0, 405.0], [194.0, 405.0]]}, {'text': '64.0', 'confidence': 0.9747723340988159, 'text_region': [[266.0, 395.0], [286.0, 393.0], [287.0, 401.0], [267.0, 403.0]]}, {'text': '66.0', 'confidence': 0.9992812871932983, 'text_region': [[337.0, 393.0], [359.0, 393.0], [359.0, 405.0], [337.0, 405.0]]}, {'text': '68.0', 'confidence': 0.9983029365539551, 'text_region': [[409.0, 393.0], [431.0, 393.0], [431.0, 405.0], [409.0, 405.0]]}, {'text': '70.0', 'confidence': 0.9994795322418213, 'text_region': [[479.0, 392.0], [503.0, 392.0], [503.0, 407.0], [479.0, 407.0]]}, {'text': '来源：中国信通院', 'confidence': 0.9997493028640747, 'text_region': [[404.0, 416.0], [501.0, 416.0], [501.0, 430.0], [404.0, 430.0]]}, {'text': '图16网络运力质量评价结果Top10省份', 'confidence': 0.9911342859268188, 'text_region': [[186.0, 430.0], [402.0, 431.0], [402.0, 448.0], [186.0, 447.0]]}]
Page: 32, Bounding Box: [189, 432, 400, 446], Text: [{'text': '图16网络运力质量评价结果Top10省份', 'confidence': 0.9911342859268188, 'text_region': [[186.0, 430.0], [402.0, 431.0], [402.0, 448.0], [186.0, 447.0]]}]
