Page: 20, Bounding Box: [87, 416, 509, 652], Text: [{'text': '内蒙古', 'confidence': 0.9830231666564941, 'text_region': [[324.0, 510.0], [348.0, 510.0], [348.0, 522.0], [324.0, 522.0]]}, {'text': '来源：中国信通院', 'confidence': 0.9998458623886108, 'text_region': [[404.0, 650.0], [501.0, 650.0], [501.0, 664.0], [404.0, 664.0]]}]
Page: 20, Bounding Box: [220, 666, 370, 678], Text: [{'text': '图6我国在建算力规模分布9', 'confidence': 0.9614551067352295, 'text_region': [[220.0, 666.0], [371.0, 666.0], [371.0, 680.0], [220.0, 680.0]]}]
