Page: 28, Bounding Box: [137, 480, 500, 606], Text: [{'text': '缘色理金传垫', 'confidence': 0.6754624247550964, 'text_region': [[209.0, 489.0], [256.0, 489.0], [256.0, 496.0], [209.0, 496.0]]}, {'text': '92.11%', 'confidence': 0.9802516102790833, 'text_region': [[438.0, 495.0], [464.0, 495.0], [464.0, 506.0], [438.0, 506.0]]}, {'text': '环境一绿色运营', 'confidence': 0.8845281004905701, 'text_region': [[151.0, 518.0], [207.0, 514.0], [208.0, 528.0], [152.0, 533.0]]}, {'text': '57,14%', 'confidence': 0.9959871172904968, 'text_region': [[330.0, 522.0], [354.0, 522.0], [354.0, 533.0], [330.0, 533.0]]}, {'text': '8.75%', 'confidence': 0.878359317779541, 'text_region': [[370.0, 534.0], [389.0, 534.0], [389.0, 542.0], [370.0, 542.0]]}, {'text': '50%', 'confidence': 0.9457538723945618, 'text_region': [[296.0, 553.0], [316.0, 553.0], [316.0, 564.0], [296.0, 564.0]]}, {'text': '69%', 'confidence': 0.8265923857688904, 'text_region': [[327.0, 553.0], [344.0, 553.0], [344.0, 564.0], [327.0, 564.0]]}, {'text': '9%', 'confidence': 0.7650452256202698, 'text_region': [[364.0, 555.0], [374.0, 555.0], [374.0, 563.0], [364.0, 563.0]]}, {'text': '80%', 'confidence': 0.699371874332428, 'text_region': [[393.0, 556.0], [406.0, 556.0], [406.0, 563.0], [393.0, 563.0]]}, {'text': '190%', 'confidence': 0.7406052947044373, 'text_region': [[453.0, 556.0], [468.0, 556.0], [468.0, 563.0], [453.0, 563.0]]}, {'text': '=2021 =2022', 'confidence': 0.9353334903717041, 'text_region': [[288.0, 567.0], [330.0, 567.0], [330.0, 578.0], [288.0, 578.0]]}, {'text': '来源：中国信息通信研究院整理', 'confidence': 0.9977487325668335, 'text_region': [[359.0, 593.0], [505.0, 593.0], [505.0, 606.0], [359.0, 606.0]]}]
Page: 28, Bounding Box: [160, 615, 452, 627], Text: [{'text': '图11互联网行业环境议题各核心主题信息披露程度占比', 'confidence': 0.9974703192710876, 'text_region': [[157.0, 614.0], [457.0, 614.0], [457.0, 628.0], [157.0, 628.0]]}]
