Page: 32, Bounding Box: [115, 295, 498, 466], Text: [{'text': '12000', 'confidence': 0.999677836894989, 'text_region': [[127.0, 323.0], [151.0, 323.0], [151.0, 335.0], [127.0, 335.0]]}, {'text': '11000', 'confidence': 0.9996408224105835, 'text_region': [[181.0, 321.0], [206.0, 321.0], [206.0, 332.0], [181.0, 332.0]]}, {'text': '10000', 'confidence': 0.99957674741745, 'text_region': [[128.0, 339.0], [151.0, 339.0], [151.0, 350.0], [128.0, 350.0]]}, {'text': '8000', 'confidence': 0.9991004467010498, 'text_region': [[131.0, 354.0], [150.0, 354.0], [150.0, 366.0], [131.0, 366.0]]}, {'text': '6000', 'confidence': 0.9929842948913574, 'text_region': [[131.0, 369.0], [150.0, 369.0], [150.0, 382.0], [131.0, 382.0]]}, {'text': '4000', 'confidence': 0.9995206594467163, 'text_region': [[131.0, 385.0], [151.0, 385.0], [151.0, 397.0], [131.0, 397.0]]}, {'text': '2000', 'confidence': 0.9995859861373901, 'text_region': [[131.0, 401.0], [151.0, 401.0], [151.0, 412.0], [131.0, 412.0]]}, {'text': '18', 'confidence': 0.9485822916030884, 'text_region': [[415.0, 407.0], [422.0, 407.0], [422.0, 414.0], [415.0, 414.0]]}, {'text': '以太坊', 'confidence': 0.9940094947814941, 'text_region': [[180.0, 427.0], [206.0, 427.0], [206.0, 438.0], [180.0, 438.0]]}, {'text': 'EBS', 'confidence': 0.909601628780365, 'text_region': [[336.0, 428.0], [349.0, 428.0], [349.0, 436.0], [336.0, 436.0]]}, {'text': '星火链网', 'confidence': 0.9985851049423218, 'text_region': [[399.0, 426.0], [436.0, 426.0], [436.0, 440.0], [399.0, 440.0]]}, {'text': '来源：中国信息通信研究院', 'confidence': 0.9944586753845215, 'text_region': [[371.0, 452.0], [496.0, 452.0], [496.0, 467.0], [371.0, 467.0]]}]
Page: 32, Bounding Box: [201, 475, 384, 487], Text: [{'text': '图5不同区块链项目节点数量对比', 'confidence': 0.9996681213378906, 'text_region': [[201.0, 476.0], [386.0, 476.0], [386.0, 490.0], [201.0, 490.0]]}]
