Page: 36, Bounding Box: [127, 70, 487, 294], Text: [{'text': '10000000', 'confidence': 0.9870392680168152, 'text_region': [[146.0, 82.0], [180.0, 82.0], [180.0, 92.0], [146.0, 92.0]]}, {'text': '9000000', 'confidence': 0.9875962138175964, 'text_region': [[151.0, 96.0], [180.0, 96.0], [180.0, 103.0], [151.0, 103.0]]}, {'text': '8000000', 'confidence': 0.9190279245376587, 'text_region': [[151.0, 109.0], [180.0, 109.0], [180.0, 116.0], [151.0, 116.0]]}, {'text': '00000', 'confidence': 0.9242016673088074, 'text_region': [[152.0, 123.0], [179.0, 123.0], [179.0, 130.0], [152.0, 130.0]]}, {'text': 'DeF', 'confidence': 0.9973213076591492, 'text_region': [[233.0, 258.0], [246.0, 258.0], [246.0, 265.0], [233.0, 265.0]]}, {'text': '贴博', 'confidence': 0.7254018783569336, 'text_region': [[286.0, 257.0], [305.0, 257.0], [305.0, 265.0], [286.0, 265.0]]}, {'text': '学成品', 'confidence': 0.6282517313957214, 'text_region': [[410.0, 257.0], [432.0, 257.0], [432.0, 265.0], [410.0, 265.0]]}, {'text': '社交', 'confidence': 0.9743340611457825, 'text_region': [[174.0, 272.0], [191.0, 272.0], [191.0, 279.0], [174.0, 279.0]]}, {'text': '市场平台', 'confidence': 0.9972201585769653, 'text_region': [[233.0, 270.0], [269.0, 270.0], [269.0, 280.0], [233.0, 280.0]]}]
Page: 36, Bounding Box: [148, 296, 495, 332], Text: [{'text': '来源：DappRadar,中国信息通信研究院', 'confidence': 0.9773179888725281, 'text_region': [[320.0, 295.0], [498.0, 295.0], [498.0, 312.0], [320.0, 312.0]]}, {'text': '图9全球Web3各类应用中日均活跃用户数目变化趋势', 'confidence': 0.9817715287208557, 'text_region': [[146.0, 317.0], [439.0, 317.0], [439.0, 334.0], [146.0, 334.0]]}]
