Page: 36, Bounding Box: [115, 101, 503, 292], Text: [{'text': 'ompute, 2023', 'confidence': 0.937000036239624, 'text_region': [[186.0, 104.0], [228.0, 104.0], [228.0, 114.0], [186.0, 114.0]]}, {'text': 'Gartner', 'confidence': 0.9959827065467834, 'text_region': [[393.0, 123.0], [452.0, 123.0], [452.0, 138.0], [393.0, 138.0]]}]
Page: 36, Bounding Box: [175, 295, 500, 331], Text: [{'text': '来源：Gartner:HyperCycleofCompute（2023年7月）', 'confidence': 0.9841464161872864, 'text_region': [[223.0, 294.0], [501.0, 294.0], [501.0, 308.0], [223.0, 308.0]]}, {'text': '图122023年Gartner量子计算技术成熟度预测', 'confidence': 0.9806448817253113, 'text_region': [[173.0, 315.0], [422.0, 317.0], [421.0, 334.0], [172.0, 333.0]]}]
