Page: 37, Bounding Box: [93, 68, 509, 251], Text: [{'text': '25000000', 'confidence': 0.998640239238739, 'text_region': [[110.0, 80.0], [147.0, 80.0], [147.0, 90.0], [110.0, 90.0]]}, {'text': '20000000', 'confidence': 0.9888578057289124, 'text_region': [[111.0, 102.0], [146.0, 102.0], [146.0, 112.0], [111.0, 112.0]]}, {'text': '15000000', 'confidence': 0.9994267821311951, 'text_region': [[110.0, 124.0], [146.0, 124.0], [146.0, 134.0], [110.0, 134.0]]}, {'text': '10000000', 'confidence': 0.951092004776001, 'text_region': [[111.0, 146.0], [146.0, 146.0], [146.0, 157.0], [111.0, 157.0]]}, {'text': '5000000', 'confidence': 0.9985431432723999, 'text_region': [[114.0, 168.0], [147.0, 168.0], [147.0, 179.0], [114.0, 179.0]]}, {'text': 'BNB链(L1)', 'confidence': 0.8911654949188232, 'text_region': [[157.0, 201.0], [205.0, 201.0], [205.0, 212.0], [157.0, 212.0]]}, {'text': 'WAX (L1)', 'confidence': 0.9928773641586304, 'text_region': [[224.0, 201.0], [268.0, 201.0], [268.0, 212.0], [224.0, 212.0]]}, {'text': 'Polygon ( L2)', 'confidence': 0.966131865978241, 'text_region': [[283.0, 202.0], [336.0, 202.0], [336.0, 213.0], [283.0, 213.0]]}, {'text': 'Hive (L2)', 'confidence': 0.9700604677200317, 'text_region': [[354.0, 201.0], [396.0, 201.0], [396.0, 212.0], [354.0, 212.0]]}, {'text': '（L1）', 'confidence': 0.7528234720230103, 'text_region': [[445.0, 202.0], [466.0, 202.0], [466.0, 210.0], [445.0, 210.0]]}, {'text': '■2021年6月■2022年6月2023年6月', 'confidence': 0.9682512879371643, 'text_region': [[214.0, 221.0], [375.0, 221.0], [375.0, 234.0], [214.0, 234.0]]}, {'text': '来源：DappRadar,中国信息通信研究院', 'confidence': 0.9733170866966248, 'text_region': [[318.0, 246.0], [497.0, 247.0], [497.0, 265.0], [318.0, 264.0]]}]
Page: 37, Bounding Box: [226, 272, 359, 284], Text: [{'text': '图10Web3应用平台分布', 'confidence': 0.9807652235031128, 'text_region': [[224.0, 271.0], [361.0, 272.0], [361.0, 287.0], [223.0, 286.0]]}]
