Page: 19, Bounding Box: [87, 324, 511, 594], Text: [{'text': '来源：中国信通院', 'confidence': 0.9998407363891602, 'text_region': [[404.0, 588.0], [501.0, 588.0], [501.0, 602.0], [404.0, 602.0]]}]
Page: 19, Bounding Box: [220, 604, 370, 616], Text: [{'text': '图5我国在用算力规模分布8', 'confidence': 0.960542619228363, 'text_region': [[219.0, 604.0], [372.0, 604.0], [372.0, 618.0], [219.0, 618.0]]}]
