Page: 11, Bounding Box: [3, 464, 573, 836], Text: [{'text': '从数据看：', 'confidence': 0.9959311485290527, 'text_region': [[122.0, 499.0], [169.0, 499.0], [169.0, 513.0], [122.0, 513.0]]}, {'text': '有33亿人居住在债务支出高于医疗和教育支出的国家', 'confidence': 0.9954206347465515, 'text_region': [[125.0, 526.0], [346.0, 526.0], [346.0, 539.0], [125.0, 539.0]]}, {'text': '47%的医疗机构表示，与过去两年相比，目前的医疗服务可及性更加精糕', 'confidence': 0.9732523560523987, 'text_region': [[126.0, 567.0], [425.0, 568.0], [425.0, 582.0], [125.0, 581.0]]}, {'text': '美国的人均医疗开支为12,500美元', 'confidence': 0.9667403101921082, 'text_region': [[126.0, 608.0], [274.0, 608.0], [274.0, 621.0], [126.0, 621.0]]}, {'text': '比利时、丹麦和芬兰的平均期望寿命为80岁，这推动对长期医疗护理的需求不断增长5', 'confidence': 0.9741601347923279, 'text_region': [[125.0, 649.0], [478.0, 648.0], [478.0, 662.0], [125.0, 663.0]]}, {'text': '在英国，从医第一年获得加薪的医生比例为10.3%', 'confidence': 0.9933295845985413, 'text_region': [[127.0, 691.0], [334.0, 691.0], [334.0, 704.0], [127.0, 704.0]]}]
Page: 11, Bounding Box: [1, 1, 596, 345], Text: []
Page: 11, Bounding Box: [67, 371, 390, 400], Text: [{'text': '解决成本和可负担性问题', 'confidence': 0.9986506104469299, 'text_region': [[69.0, 374.0], [389.0, 374.0], [389.0, 399.0], [69.0, 399.0]]}]
