Page: 47, Bounding Box: [90, 168, 519, 478], Text: [{'text': '160000', 'confidence': 0.9677343368530273, 'text_region': [[113.0, 175.0], [135.0, 175.0], [135.0, 186.0], [113.0, 186.0]]}, {'text': '140000', 'confidence': 0.958398163318634, 'text_region': [[113.0, 204.0], [135.0, 204.0], [135.0, 215.0], [113.0, 215.0]]}, {'text': '12000', 'confidence': 0.9054603576660156, 'text_region': [[114.0, 236.0], [132.0, 236.0], [132.0, 243.0], [114.0, 243.0]]}, {'text': '江苏', 'confidence': 0.7953066229820251, 'text_region': [[320.0, 232.0], [334.0, 232.0], [334.0, 239.0], [320.0, 239.0]]}, {'text': '80', 'confidence': 0.9898898601531982, 'text_region': [[379.0, 425.0], [389.0, 425.0], [389.0, 434.0], [379.0, 434.0]]}, {'text': '100', 'confidence': 0.9995250701904297, 'text_region': [[437.0, 423.0], [452.0, 423.0], [452.0, 436.0], [437.0, 436.0]]}, {'text': '120', 'confidence': 0.9991865754127502, 'text_region': [[500.0, 425.0], [512.0, 425.0], [512.0, 434.0], [500.0, 434.0]]}, {'text': '算力发展指数', 'confidence': 0.9327080249786377, 'text_region': [[302.0, 436.0], [343.0, 436.0], [343.0, 447.0], [302.0, 447.0]]}, {'text': '来源：中国信息通信研究院', 'confidence': 0.9950492978096008, 'text_region': [[379.0, 469.0], [506.0, 469.0], [506.0, 482.0], [379.0, 482.0]]}]
Page: 47, Bounding Box: [211, 491, 383, 504], Text: [{'text': '图21算力发展指数与GDP关系', 'confidence': 0.9947239756584167, 'text_region': [[210.0, 491.0], [384.0, 491.0], [384.0, 505.0], [210.0, 505.0]]}]
