Page: 17, Bounding Box: [128, 227, 495, 436], Text: [{'text': '202120221', 'confidence': 0.7195590138435364, 'text_region': [[423.0, 403.0], [456.0, 403.0], [456.0, 410.0], [423.0, 410.0]]}, {'text': '来源：中国信息通信研究院整理', 'confidence': 0.9757302403450012, 'text_region': [[358.0, 420.0], [506.0, 421.0], [506.0, 435.0], [358.0, 434.0]]}]
Page: 17, Bounding Box: [114, 444, 504, 458], Text: [{'text': '图12010-2022年互联网企业可持续发展/社会责任/ESG报告发布数量变化', 'confidence': 0.9940711855888367, 'text_region': [[114.0, 444.0], [503.0, 444.0], [503.0, 458.0], [114.0, 458.0]]}]
