Page: 16, Bounding Box: [83, 103, 513, 350], Text: [{'text': '100%', 'confidence': 0.9996470212936401, 'text_region': [[98.0, 126.0], [126.0, 129.0], [124.0, 144.0], [97.0, 141.0]]}, {'text': '数字经济占GDP比重', 'confidence': 0.9960396885871887, 'text_region': [[230.0, 117.0], [362.0, 117.0], [362.0, 134.0], [230.0, 134.0]]}, {'text': '80%', 'confidence': 0.9993276596069336, 'text_region': [[102.0, 160.0], [126.0, 160.0], [126.0, 175.0], [102.0, 175.0]]}, {'text': '60%', 'confidence': 0.9994043707847595, 'text_region': [[103.0, 192.0], [126.0, 192.0], [126.0, 207.0], [103.0, 207.0]]}, {'text': '40%', 'confidence': 0.9998024106025696, 'text_region': [[104.0, 225.0], [125.0, 225.0], [125.0, 237.0], [104.0, 237.0]]}, {'text': '20%', 'confidence': 0.9996601939201355, 'text_region': [[103.0, 256.0], [126.0, 256.0], [126.0, 271.0], [103.0, 271.0]]}, {'text': '0%', 'confidence': 0.9995548129081726, 'text_region': [[108.0, 288.0], [125.0, 288.0], [125.0, 301.0], [108.0, 301.0]]}, {'text': '2017', 'confidence': 0.9997451305389404, 'text_region': [[150.0, 302.0], [174.0, 302.0], [174.0, 314.0], [150.0, 314.0]]}, {'text': '2018', 'confidence': 0.9994874000549316, 'text_region': [[211.0, 302.0], [234.0, 302.0], [234.0, 313.0], [211.0, 313.0]]}, {'text': '2019', 'confidence': 0.9997900724411011, 'text_region': [[270.0, 302.0], [293.0, 302.0], [293.0, 314.0], [270.0, 314.0]]}, {'text': '2020', 'confidence': 0.9979093074798584, 'text_region': [[329.0, 302.0], [355.0, 302.0], [355.0, 314.0], [329.0, 314.0]]}, {'text': '2021', 'confidence': 0.9973562359809875, 'text_region': [[387.0, 301.0], [412.0, 301.0], [412.0, 313.0], [387.0, 313.0]]}, {'text': '2022', 'confidence': 0.9995805025100708, 'text_region': [[448.0, 302.0], [472.0, 302.0], [472.0, 314.0], [448.0, 314.0]]}, {'text': '数字经济占GDP比重', 'confidence': 0.996423065662384, 'text_region': [[177.0, 316.0], [272.0, 316.0], [272.0, 329.0], [177.0, 329.0]]}, {'text': '其他占GDP比重', 'confidence': 0.9953196048736572, 'text_region': [[350.0, 316.0], [421.0, 316.0], [421.0, 330.0], [350.0, 330.0]]}, {'text': '数据来源：中国信息通信研究院', 'confidence': 0.9969983696937561, 'text_region': [[343.0, 343.0], [501.0, 343.0], [501.0, 357.0], [343.0, 357.0]]}]
Page: 16, Bounding Box: [213, 366, 375, 378], Text: [{'text': '图3我国数字经济占GDP比重', 'confidence': 0.9963932037353516, 'text_region': [[212.0, 366.0], [376.0, 366.0], [376.0, 380.0], [212.0, 380.0]]}]
